7990	17.20743349991607
8000	16.990651911063498
8010	16.87476353312766
8020	16.89156740257307
8030	16.336420494335147
8040	17.332008193639343
8050	16.940638568029335
8060	16.232273710405583
8070	16.772486930630482
8080	16.626295317240146
8090	16.511107107946493
8100	16.42183687812306
8110	15.907953303633906
8120	15.533597711070536
8130	15.557031665373934
8140	15.672677673533533
8150	15.986336877499348
8160	15.700006274217065
8170	15.472786376503175
8180	15.344549215564138
8190	15.350720278287923
8200	15.585635598385226
8210	15.374827243236851
8220	14.93569919594304
8230	14.848938810934465
8240	14.806884965971795
8250	15.387080316104031
8260	14.964158315299017
8270	14.904061428188598
8280	14.895983316522148
8290	15.062331269678632
8300	15.008460374588516
8310	14.723384377760224
8320	14.526166293840571
8330	14.72815180142229
8340	14.477967392517456
8350	14.617773874549048
8360	14.607374237206187
8370	14.727402403288977
8380	14.605886351272078
8390	14.303216909927288
8400	14.396704952944662
8410	14.129683808261337
8420	14.146050909944663
8430	14.105944628172606
8440	14.511239954555194
8450	14.440659101838527
8460	14.096359605627296
8470	13.858459495592946
8480	13.702454466869828
8490	13.785544375059384
8500	14.031989748720688
8510	14.09146184645731
8520	13.96141958761022
8530	13.967468316204291
8540	13.558677652828402
8550	13.454244545449237
8560	13.388964077753084
8570	13.296630355765656
8580	13.240172498089418
8590	13.20116217115675
8600	13.22031393521318
8610	13.137994337643589
8620	13.26177016672017
8630	13.223153671404777
8640	13.101400528784886
8650	13.127445447963536
8660	12.967909771576373
8670	13.317167003734617
8680	12.99781462157679
8690	12.98157667658553
8700	13.004953110529325
8710	13.128740306983298
8720	13.05927944112635
8730	13.082726217864654
8740	12.835573686887962
8750	12.580352493682328
8760	12.53227094083163
8770	12.41647814160955
8780	12.635538224578697
8790	12.404216548416992
8800	12.539531196600054
8810	12.477960618878276
8820	12.509167257403073
8830	12.528924816840558
8840	12.481390692984924
8850	12.690237330680915
8860	12.338911726677834
8870	12.27770421822584
8880	12.339794762396307
8890	12.330820872379526
8900	12.230988609388175
8910	12.405248882421816
8920	12.281399242427351
8930	12.225122233437117
8940	11.978783076363221
8950	12.016886578419424
8960	12.035268492432749
8970	12.099788495062143
8980	12.118876982538191
8990	12.072722452165165
9000	12.075290742367292
9010	12.03509857458729
9020	12.007130242233652
9030	12.034089889833892
9040	11.975765091781536
9050	12.102163806830324
9060	11.907595677871553
9070	12.06309400160217
9080	12.147657873931253
9090	12.157126334633876
9100	12.141946444625416
9110	11.781647456181592
9120	11.663454350530465
9130	11.962556714989875
9140	12.060190151594671
9150	11.969859933546896
9160	11.706880760637555
9170	12.013313331285694
9180	12.038887060245974
9190	11.93502234781332
9200	12.103298561651416
9210	12.04321159309562
9220	12.462609976240346
9230	12.019715103076747
9240	11.893483397988522
9250	11.439547092968544
9260	11.439943112171072
9270	11.260218371688577
9280	11.162464033967376
9290	11.110938000075
9300	10.761662687952827
9310	11.033106727157495
9320	10.420772274607685
9330	10.506243447323428
9340	10.101681987266618
9350	9.551086453487592
9360	9.351083853909413
9370	9.07830868023192
9380	8.675159804944418
9390	8.551515997845053
9400	8.296666914697854
9410	7.73366590487466
9420	7.521108086285312
9430	7.007684410382023
9440	6.90582068146761
9450	6.749476945348048
9460	6.9167707159746215
9470	6.686716284624255
9480	6.737338431285747
9490	6.757789132114808
9500	6.78050444091525
9510	6.842636643437404
9520	6.568633495777458
9530	6.504266613161411
9540	6.516240943442633
9550	6.425143223631736
9560	6.414983672429609
9570	6.600672598114086
9580	6.572368185672514
9590	6.700903650946346
9600	6.49051193099505
9610	6.392927126774901
9620	6.287855873253847
9630	6.273116674333154
9640	6.3983618228794725
9650	6.838368598087246
9660	6.9400247964053055
9670	7.407491207692803
9680	7.363541809191924
9690	7.327238548933971
9700	7.383930728323719
9710	7.379497971920704
9720	7.465537713460908
9730	7.707993898096688
9740	8.166646276245183
9750	8.080871249337783
9760	8.295802121187371
9770	8.643826441354118
9780	8.459039254621269
9790	8.130659259724613
9800	8.0770822997055
9810	8.017270868389012
9820	8.186873095475232
9830	7.645203424667067
9840	7.644898049636031
9850	8.055623570137028
9860	8.587513000024794
9870	8.926371408345318
9880	9.284988316709923
9890	9.019967969703766
9900	10.048673880742056
9910	10.257203536958217
9920	10.23036062501435
9930	10.243976183237562
9940	9.981387598250686
9950	10.19329028328522
9960	11.196264978559661
9970	11.27794465567226
9980	11.396758002631946
9990	11.069383912964794
10000	11.89045397134396
10010	11.939326837319173
10020	12.318559637359504
10030	12.57427172361776
10040	12.871972930545777
10050	13.64343096495533
10060	13.67774772362931
10070	14.141517844427739
10080	13.87421423763827
10090	14.653751112275847
10100	14.679797069435956
10110	14.889323289628846
10120	15.951101062460488
10130	15.586778860143848
10140	15.788450825411145
10150	15.816602434632276
10160	16.63317159312459
10170	16.997109725395216
10180	17.19547386017355
10190	17.711868460861695
10200	17.815085610877002
10210	18.986565694172693
10220	20.024547659330405
10230	19.16604547325119
10240	19.111307095705357
10250	18.841229257546207
10260	19.26935816619377
10270	19.507470450611336
10280	19.761726975782892
10290	21.48997745123045
10300	22.16487103306338
10310	23.037937720903802
10320	21.511400461840218
10330	22.209792993376517
10340	22.81319990110288
10350	23.083257449510494
10360	24.30706036061342
10370	24.2488174537593
10380	25.360868607684857
10390	25.246852878734494
10400	24.343654535412266
10410	24.68628628142755
10420	23.496931654769966
10430	23.95676932027371
10440	24.50618055097862
10450	26.2557617909607
10460	25.979526553681552
10470	27.492634382381507
10480	27.224006020875308
10490	27.97588931340113
10500	28.436815711825798
10510	29.418752642906984
10520	28.66431035295807
10530	31.0815059346691
10540	32.111438234990956
10550	32.12645330747395
10560	33.231930983868615
10570	33.76635387956709
10580	34.205000967287525
10590	36.7512908655307
10600	37.2009655843262
10610	35.792269889654285
10620	34.92949049567962
10630	36.39015817654011
10640	37.06377150649219
10650	39.04977912126336
10660	39.61020911950993
10670	40.78695714398738
10680	40.413080163802114
10690	43.14145082226692
10700	43.92672831561576
10710	46.939701101720125
10720	48.174021089360856
10730	51.203633505492235
10740	52.36992813807784
10750	54.02815657636037
10760	54.36737331676912
10770	53.710688649366574
10780	55.91376433528033
10790	58.40981461857105
10800	59.00731632575805
10810	61.75587732703011
10820	61.21730796080452
10830	62.78415445055844
10840	62.684769973957366
10850	65.8551252935373
10860	67.94585236061202
10870	68.06917817421017
10880	74.04041787673671
10890	70.98297424122964
10900	74.79200565750166
10910	74.56758765091811
10920	78.765648873329
10930	76.65416324503816
10940	82.66944344568552
10950	84.97606318094992
10960	86.46551012687392
10970	88.46514246462228
10980	99.08696003623902
10990	103.69445445240808
11000	106.81689315582534
11010	102.89248380465995
11020	108.55122810808177
11030	114.13369514573388
11040	121.22380210356772
11050	129.15984638044546
11060	136.53556681885738
11070	147.60179804507123
11080	153.37271145284362
11090	166.06982186949014
11100	169.9022939149795
11110	185.03681894270244
11120	192.43831048913017
11130	197.59613321312324
11140	215.51226015833834
11150	228.41632145648538
11160	248.62433079913933
11170	274.91379784644016
11180	283.35519916373397
11190	316.703093620468
11200	372.34386375870224
11210	408.19041354750556
11220	443.9942214428947
11230	473.54324377907284
11240	496.9182329459051
11250	535.7441115740266
11260	595.5774511130147
11270	672.9126736275856
11280	669.0375719811968
11290	679.170239600211
11300	679.5372885775352
11310	709.8299082273546
11320	730.760569561109
11330	833.6508771477152
11340	891.1148224186327
11350	979.729270460615
11360	1027.6452057330027
11370	1075.859469200412
11380	1069.127326593584
11390	1156.338001301701
11400	1113.5639814652613
11410	1025.3077548170668
11420	977.5242018416576
11430	935.5123192739156
11440	854.8263946944081
11450	774.2807760455823
11460	745.5557168826226
11470	728.8892650090538
11480	690.3558186467287
11490	662.8680265882047
11500	619.0388498595532
11510	580.3671293606677
11520	512.6060592843387
11530	484.5589285581135
11540	448.87784212391017
11550	429.4012416584232
11560	403.6241129904981
11570	381.53715341063173
11580	362.2299113674418
11590	339.1335512227102
11600	333.1798965796492
11610	304.0811815875631
11620	282.12931418394544
11630	256.5385418533786
11640	253.74883085385022
11650	246.62324366786146
11660	240.76045811862193
11670	227.72810128543898
11680	225.16231756151214
11690	219.7575095092219
11700	215.2277384846413
11710	208.50860276070475
11720	200.9870376869175
11730	199.6510198659147
11740	194.4689069339256
11750	182.61611729065334
11760	181.40907542552407
11770	174.89249355195375
11780	169.25361177012968
11790	165.75482613189934
11800	161.54276533449865
11810	159.66708160173005
11820	155.5517394090918
11830	154.96898774925893
11840	152.04847956831665
11850	148.72846081294176
11860	148.96720939999267
11870	145.63884116238233
11880	144.53567165836054
11890	144.1813197476443
11900	140.2477167978827
11910	138.79334019962744
11920	135.8898989095097
11930	134.30007636281326
11940	132.71436195947126
11950	130.11409798764953
11960	129.1119784380495
11970	125.84713750881399
11980	126.73946285143067
11990	125.67194865426174
12000	124.634928954926
12010	123.43272548505287
12020	122.87291702233088
12030	120.8122028167669
12040	120.33438243387465
12050	118.8376396818397
12060	117.0158873771895
12070	115.1667556596997
12080	115.17530129825195
12090	113.40575528530398
12100	113.46520275837638
12110	112.5645219965375
12120	111.61620725394438
12130	110.10892884941602
12140	108.84697114782709
12150	107.8912291003243
12160	107.13050128151653
12170	108.64462117968557
12180	107.86207901355196
12190	108.08322551923581
12200	107.20800519602231
12210	105.33547184921834
12220	105.6166447458806
12230	104.81729875140469
12240	103.53699404164207
12250	102.66015436153884
12260	102.37573865540925
12270	102.11223162260417
12280	101.52317116508068
12290	100.1694772916748
12300	99.7454963824385
12310	99.41829645630935
12320	98.73624305671255
12330	97.93350127826864
12340	97.8270341238592
12350	96.51702479822025
12360	95.89122864049602
12370	95.37804897809927
12380	94.56791543188474
12390	95.12794765051589
12400	95.23933956146637
12410	94.49691695280286
12420	94.43039638228066
12430	94.13512229546059
12440	93.57010668439692
12450	92.94532415987038
12460	91.88504107994555
12470	90.7582025708446
12480	89.666563450847
12490	89.44366348366998
12500	89.12388625397972
12510	89.1508217563134
12520	88.3348644298192
12530	88.51566239647735
12540	87.848012541304
12550	86.96170098744243
12560	86.95622144192029
12570	86.75829360433993
12580	87.00645734878576
12590	86.7173300082238
12600	84.94123189433103
12610	84.69005541176192
12620	84.63235114778408
12630	84.2558983047101
12640	83.71489641498106
12650	82.90641835631062
12660	83.31644802241287
12670	83.1569693532383
12680	82.57549315478066
12690	82.35705480748369
12700	82.22784343570746
12710	82.5944154833506
12720	82.38359647189229
12730	82.28549302299304
12740	82.4864235077222
12750	81.84720799890215
12760	81.18889427249786
12770	81.31351157029447
12780	81.98328143542761
12790	80.98228525365317
12800	80.64376802316174
12810	80.06060762070983
12820	80.52985243381058
12830	79.99916227565012
12840	79.71479852232915
12850	78.2940975180447
12860	77.36074906500653
12870	77.23530962558105
12880	77.29371671480945
12890	77.07203240664015
12900	76.19035419892529
12910	76.2111152395921
12920	75.26910001393331
12930	75.05942057187943
12940	74.96343569228675
12950	74.90040624470039
12960	75.32874875601382
12970	74.48256465641512
12980	73.96392994579314
12990	72.93792883918209
13000	72.16163546818032
13010	71.68610143872101
13020	71.72260639138646
13030	71.90600073571487
13040	71.74926676763447
13050	71.77905363792308
13060	72.59291591121902
13070	72.63991791727506
13080	72.15175634268802
13090	71.81421099847067
13100	71.96934831188186
13110	72.14310902096742
13120	71.18969616780623
13130	70.86190841122156
13140	70.60786940887859
13150	70.58397354493547
13160	69.72254078039113
13170	69.30637305843774
13180	68.82816669615019
13190	68.16850704753945
13200	67.90348136994108
13210	66.7877897154755
13220	67.58773339472022
13230	66.59750315985585
13240	66.5617553959003
13250	65.9440152126039
13260	65.84295719604114
13270	65.0754843613455
13280	65.18183954222783
13290	64.77207590827197
13300	64.22147210967226
13310	63.78469500323569
13320	63.37090452993894
13330	63.42083633146625
13340	62.784587068735554
13350	62.333331881226314
13360	62.050691119550905
13370	61.382642889223725
13380	61.36444611339721
13390	61.79968010105209
13400	61.970133573751504
13410	60.95653864092463
13420	59.97274186148362
13430	59.436777566560735
13440	59.051267313151634
13450	58.90985251421905
13460	58.549451432634605
13470	58.98702770441799
13480	59.035888612683046
13490	58.678509683606684
13500	58.23409296041653
13510	57.48788741702005
13520	56.52394905271317
13530	56.68306446895557
13540	56.93323037983398
13550	56.210181782558095
13560	56.233373053650745
13570	56.233317381860665
13580	55.81373610973129
13590	56.099461994164415
13600	55.138546967601094
13610	55.26591604243702
13620	54.70542085755692
13630	54.48307718534518
13640	54.282133134150286
13650	53.757752885492835
13660	53.43877185969652
13670	53.77687908920497
13680	53.3715605076825
13690	53.11248919703031
13700	53.72948311749052
13710	52.66756656149317
13720	52.09952504499616
13730	51.6632192644954
13740	50.80535543378538
13750	50.36469764263134
13760	49.96155511550244
13770	49.72289965275261
13780	49.7796931239439
13790	49.30682839156007
13800	48.92623755359861
13810	48.13197285683357
13820	47.71484294709785
13830	47.09582954208744
13840	47.17485360637016
13850	47.41889618857216
13860	47.250311643590194
13870	46.93263834645864
13880	46.78250511823163
13890	46.6227212230491
13900	47.163099633807754
13910	46.865710109221396
13920	46.266662182882335
13930	45.71855685321004
13940	45.568156088549244
13950	44.828301740367685
13960	44.72802333580521
13970	44.55550656088318
13980	44.48162413576095
13990	43.87142547535896
14000	44.286204499296765
14010	43.704539170283496
14020	43.33209384728899
14030	43.21461854330873
14040	43.11081422975924
14050	42.678634937426594
14060	43.07321296244653
14070	42.993612681982114
14080	42.446457610195175
14090	42.161868154227754
14100	41.8274868471112
14110	41.64452446633898
14120	41.97242006823516
14130	41.35583263677944
14140	41.69487482045108
14150	41.29975259878833
14160	41.45803638390615
14170	40.99637939484923
14180	40.68303941119507
14190	40.487358192668545
14200	40.65304194261827
14210	40.762142384466536
14220	40.315393167287496
14230	39.91945242999725
14240	39.47683132148749
14250	39.28234226857502
14260	39.134005702818854
14270	38.638945842567686
14280	38.323889877705625
14290	38.48991057765864
14300	38.189225849711576
14310	37.99927692869328
14320	37.9579590442922
14330	37.79322273209513
14340	37.83345526659222
14350	37.8776206901949
14360	37.7515046417205
14370	37.62565526931122
14380	37.24949904024712
14390	37.64557598139294
14400	37.28424444358103
14410	36.750025492941646
14420	36.91048926122575
14430	36.49989366062335
14440	36.124701075104
14450	35.97748977348263
14460	35.678852120004365
14470	35.34408226002537
14480	35.322057716289976
14490	35.534053843531005
14500	35.366159863276756
14510	34.94577401652767
14520	34.6483640193745
14530	34.606837035759554
14540	34.5693416924425
14550	34.33746024137227
14560	34.32964208261979
14570	33.97737481525195
14580	34.138617475540336
14590	34.06234094702722
14600	34.051364292212064
14610	33.65082481040018
14620	33.69178900449558
14630	33.46082467738674
14640	33.51398660663552
14650	33.06626959002498
14660	32.753488639661676
14670	32.61743551016091
14680	32.05234961689481
14690	32.098261590219934
14700	32.01804049628199
14710	31.64244952623949
14720	31.685537596865107
14730	31.662103857173467
14740	31.368739738754652
14750	31.27022660648903
14760	30.99269821845673
14770	31.058457589950383
14780	30.827823633577985
14790	30.350927079957565
14800	30.586538087465843
14810	30.352584468562455
14820	30.205079750637704
14830	29.93248470848143
14840	29.800541438019494
14850	29.668204264382123
14860	29.381110953857316
14870	29.383985369567565
14880	29.173978639414447
14890	29.1753298002493
14900	28.89488044497578
14910	28.852116538628245
14920	28.783895685717606
14930	28.80378721416644
14940	28.49084366344723
14950	28.188549959884256
14960	28.033021090496682
14970	27.986751028866593
14980	27.59456286522316
14990	27.148191071536548
15000	27.173938602753715
15010	27.15010033330954
15020	27.001544203500195
15030	26.809122234059036
15040	26.832124202772814
15050	26.500358084445466
15060	26.338176979856012
15070	26.588784690801965
15080	26.47986586591995
15090	26.16111335386553
15100	26.019119117609637
15110	25.914114372287766
15120	26.01768869601754
15130	25.883028565644203
15140	25.74130281451706
15150	25.77662734500783
15160	25.470934339409602
15170	25.262685187047804
15180	25.30233832472073
15190	25.06672516407766
15200	24.72837264384304
15210	24.676365335196028
15220	24.502267059489125
15230	24.49075335097855
15240	24.60392660988138
15250	24.15603877967728
15260	23.76428371348358
15270	23.65702543015319
15280	23.32021925004542
15290	23.463815210872514
15300	23.298205893140114
15310	23.20492817861462
15320	23.348320437391887
15330	23.326512249359027
15340	23.212228603812388
15350	23.031965893132995
15360	22.725740647595092
15370	22.61222654444195
15380	22.616933965429045
15390	22.441211524573795
15400	22.36959827455723
15410	22.337491001666944
15420	22.123109592821173
15430	22.058936878824078
15440	21.983703098343554
15450	21.934387833356936
15460	21.515195076610734
15470	21.184235285854037
15480	21.01647167965552
15490	20.82330660228477
15500	20.584450494026388
15510	20.44581114502026
15520	20.34747847054841
15530	20.39360202258508
15540	20.2003522405783
15550	20.072907768652005
15560	20.07911189159037
15570	19.99937972745672
15580	19.66311668381969
15590	19.6441004796934
15600	19.545776593013272
15610	19.332217738736624
15620	19.36988380095445
15630	19.357944210940786
15640	19.3372790541556
15650	19.14267247576329
15660	19.127738980036366
15670	19.023965334116347
15680	18.85892357766897
15690	18.64394240644539
15700	18.852216016024162
15710	18.797697927443345
15720	18.82731726645951
15730	18.560738614443075
15740	18.372439355433603
15750	18.254272390403393
15760	18.278275637257817
15770	18.30100419052664
15780	18.182473251886623
15790	18.223507657015265
15800	18.269663391219183
15810	18.215289271660343
15820	18.205207599210237
15830	17.958352154235634
15840	17.968404858239936
15850	17.932760141248618
15860	17.899549801557225
15870	17.72747020923409
15880	17.62874430839483
15890	17.46634365994817
15900	17.409681562644263
15910	17.53150034004839
15920	17.268228037911673
15930	17.217921704007203
15940	17.381515023880787
15950	17.10175921897927
15960	17.05548834251468
15970	17.10895272580134
15980	17.057403705422878
15990	16.997847228707958
16000	16.90489909385393
16010	16.68154127311799
16020	16.695485998766607
16030	16.567486638755483
16040	16.534377310526317
16050	16.5527971141972
16060	16.361614091252317
16070	16.30670531428587
16080	16.062984950054513
16090	16.06722840688198
16100	15.875442467099544
16110	15.936926376226042
16120	15.811944061746953
16130	15.730346475774095
16140	15.762548914280947
16150	15.856693833805464
16160	15.80417378003814
16170	15.76667352239905
16180	15.765684568623684
16190	15.503016569630008
16200	15.305011491782682
16210	15.261887082541769
16220	15.238776803092287
16230	15.141467404562334
16240	15.168167885818903
16250	15.02123375356102
16260	15.152161219479375
16270	15.022192215925122
16280	14.859420356133208
16290	14.657407921726643
16300	14.705916439027542
16310	14.623913435303528
16320	14.725116117650007
16330	14.553486403384593
16340	14.381965498320834
16350	14.34379285892775
16360	14.273535784630493
16370	14.056255989411385
16380	13.892095830109662
16390	13.754839972646929
16400	13.68859106039195
16410	13.618530193218296
16420	13.526961546733128
16430	13.475796299756464
16440	13.476303543948433
16450	13.472877879703368
16460	13.42139087205979
16470	13.36083816293496
16480	13.173613119853039
16490	13.07327083734664
16500	12.944120329360775
16510	12.994172744475986
16520	12.884651686433621
16530	12.85129590550833
16540	12.774898864942978
16550	12.742790346973893
16560	12.797279480208845
16570	12.715221203222015
16580	12.662452245814302
16590	12.666823600695515
16600	12.539957272177006
16610	12.50419352818938
16620	12.372603971759029
16630	12.511403748382156
16640	12.459336427662834
16650	12.472647399452168
16660	12.29963999528594
16670	12.187747937978127
16680	12.261709563727537
16690	12.29876689035862
16700	12.145849500892945
16710	11.987993412809049
16720	11.942773798307034
16730	12.022441616263519
16740	11.793048628404884
16750	11.827081252842124
16760	11.731216801379707
16770	11.656455633991094
16780	11.644872506291202
16790	11.654048632061539
16800	11.631282675423243
16810	11.496645383347813
16820	11.439902420340779
16830	11.324039352591395
16840	11.364051726518346
16850	11.26321623523055
16860	11.217729368574147
16870	11.226120743817066
16880	11.081607554763606
16890	10.909644375324193
16900	10.899588235185387
16910	10.720448507358341
16920	10.596795570471603
16930	10.604813163370522
16940	10.682416043186159
16950	10.55115366333521
16960	10.48520090124474
16970	10.588949709154406
16980	10.47560272427955
16990	10.338118514473212
17000	10.290516852325716
17010	10.254235919133572
17020	10.186661217098834
17030	10.215412267211825
17040	10.10185907794065
17050	9.993482035939582
17060	9.942081604073563
17070	9.884099697232989
17080	9.814564459438934
17090	9.771371386979109
17100	9.826659077808488
17110	9.917971653554268
17120	9.764282705877072
17130	9.630175278969645
17140	9.598748856870971
17150	9.698053067581801
17160	9.579646331434763
17170	9.580451874447807
17180	9.56310232947154
17190	9.538597362146442
17200	9.507464252668187
17210	9.507759726422579
17220	9.45084625260073
17230	9.44935710908439
17240	9.374747978791936
17250	9.34444291212631
17260	9.34123709493222
17270	9.33593660061946
17280	9.246713960192123
17290	9.20851392363035
17300	9.2995490493971
17310	9.15192902873106
17320	9.028802243520774
17330	9.00296825457807
17340	8.953446478872305
17350	8.845554506587673
17360	8.788596397899752
17370	8.70373999031515
17380	8.772603337970418
17390	8.645811431179716
17400	8.65808161240397
17410	8.637379051872502
17420	8.505794591558265
17430	8.59673697041313
17440	8.534943658269631
17450	8.504937741374764
17460	8.463252920391525
17470	8.444288241848689
17480	8.477781626882047
17490	8.420939554126294
17500	8.321010137335428
17510	8.285308436976912
17520	8.106377753955627
17530	8.076647706036312
17540	8.097717448316535
17550	7.989754135921764
17560	7.94958233658997
17570	7.883833417040102
17580	7.7937968417706545
17590	7.7411964138420775
17600	7.718926157278343
17610	7.702719863864695
17620	7.596848941046983
17630	7.621017720173062
17640	7.634101573038857
17650	7.561878153280038
17660	7.5730634495740015
17670	7.557486568213251
17680	7.43329150764506
17690	7.455590492466168
17700	7.340462352155493
17710	7.433812951075357
17720	7.369921066127578
17730	7.195135675526179
17740	7.162820235567066
17750	7.106785624645841
17760	7.0852735546286265
17770	7.016938813866864
17780	7.068148002791404
17790	7.091554858857352
17800	7.003715580839754
17810	6.9592281565125536
17820	6.9976669638864175
17830	7.014857320221743
17840	6.879012546311437
17850	6.989266249500733
17860	6.931847209328323
17870	6.920716614780755
17880	6.847819207678249
17890	6.819136563355176
17900	6.809815479200358
17910	6.6690129677575145
17920	6.651594282966448
17930	6.601114695047786
17940	6.7064257900595035
17950	6.6733956691096035
17960	6.564078053738195
17970	6.481239264574195
17980	6.405743318168519
17990	6.500219044158417
18000	6.541661194913145
18010	6.452632628106508
18020	6.461965583567888
18030	6.43759947264807
18040	6.351846866310169
18050	6.40394163576805
18060	6.462227439638178
18070	6.239414484371872
18080	6.359881644714877
18090	6.367601466475586
18100	6.305354792481037
18110	6.181302068185245
18120	6.182832600179716
18130	6.261303068527822
18140	6.164223568770841
18150	6.005176891782598
18160	5.935488097979415
18170	5.920098487041464
18180	5.872150109035455
18190	5.8550140786055955
18200	5.875164491200097
18210	5.834299638980566
18220	5.8419772959345035
18230	5.739575761563283
18240	5.764558721714844
18250	5.782115705230181
18260	5.702140866379083
18270	5.618494027426789
18280	5.555358710520363
18290	5.46885733353014
18300	5.486682976031567
18310	5.525295694239818
18320	5.433909742305706
18330	5.450762100078179
18340	5.491523232312849
18350	5.472331894307728
18360	5.452450391824432
18370	5.449175656726599
18380	5.463884078849285
18390	5.368132695769528
18400	5.322432282061461
18410	5.341525115466365
18420	5.360523041595602
18430	5.256339053064314
18440	5.177017174287832
18450	5.151957852511333
18460	5.155471131009676
18470	5.225716576781484
18480	5.169373655666174
18490	5.175776604652057
18500	5.082610351527324
18510	5.124425459740186
18520	5.129045910613137
18530	5.11956566013397
18540	4.971881156657902
18550	4.959116231233118
18560	4.907628088329402
18570	4.86792133206379
18580	4.867910222638995
18590	4.894469659069111
18600	4.953024061951607
18610	4.995480934083772
18620	4.870438202759382
18630	4.839560647001954
18640	4.90298597763445
18650	4.832740767344693
18660	4.780271814747697
18670	4.6548617634506355
18680	4.631642897332581
18690	4.606968910935053
18700	4.595451241922206
18710	4.627414023252501
18720	4.570865733864759
18730	4.464716653167113
18740	4.471622370853942
18750	4.444110115579558
18760	4.399689241404134
18770	4.364382839402812
18780	4.374175424947191
18790	4.360528603325955
18800	4.400423904576682
18810	4.381769245654551
18820	4.340542918676098
18830	4.292065661892017
18840	4.255792339514978
18850	4.206373136213003
18860	4.172163275335183
18870	4.125698412455738
18880	4.095493456729529
18890	4.210210720210374
18900	4.125566220734935
18910	4.126462825679012
18920	4.10071460992471
18930	4.050136879823919
18940	4.039916004668439
18950	3.97561798212967
18960	3.920922744201487
18970	3.8989224900024015
18980	3.9224899844039727
18990	3.9164912779319723
19000	3.913491016982861
19010	3.923614789869404
19020	3.9341032143461794
19030	3.9017005049396367
19040	3.886278762941782
19050	3.8821528811124613
19060	3.815423021939358
19070	3.7610867479638728
19080	3.734611587590735
19090	3.701966627084943
19100	3.678332404422657
19110	3.6707721512718225
19120	3.5885925659243942
19130	3.580484750921229
19140	3.5812034606180303
19150	3.5600501041576713
19160	3.606800823814535
19170	3.542537096780367
19180	3.497737450573633
19190	3.531670324563376
19200	3.438733424012313
19210	3.4733714403537292
19220	3.4697096591462806
19230	3.4702136785676565
19240	3.41670200662455
19250	3.318635506930211
19260	3.360866395233837
19270	3.3235751990670876
19280	3.3203283388097264
19290	3.305259542722001
19300	3.2763562019903554
19310	3.1997394025826824
19320	3.2118573931532715
19330	3.2207342052227017
19340	3.182781084676441
19350	3.1617896269942944
19360	3.1847845925750344
19370	3.114499903315075
19380	3.0567195802257765
19390	3.0680882212888507
19400	3.0715976348801695
19410	3.095352178328989
19420	3.065786203190133
19430	3.0017815101837755
19440	2.997701950424587
19450	3.0255291247047498
19460	3.0010896314793127
19470	3.0132867748365864
19480	2.9510379540784806
19490	2.940185874817421
19500	2.9682672410277413
19510	2.898280862977348
19520	2.898312779133066
19530	2.9137421439057904
19540	2.9055018965320745
19550	2.8481979900322068
19560	2.8087051090160537
19570	2.8141456373856726
19580	2.756097685458478
19590	2.7559713127168184
19600	2.765398583404148
19610	2.7553981560708203
19620	2.7914600062477883
19630	2.7651181356902352
19640	2.7338924531842865
19650	2.7093237476433853
19660	2.7078266519546164
19670	2.7138538426781995
19680	2.6970547684559403
19690	2.7084621194118492
19700	2.6437339567195544
19710	2.664318793950184
19720	2.674020494193708
19730	2.6932747720693877
19740	2.5872539104846153
19750	2.56051594449665
19760	2.563748047331691
19770	2.5164622342337846
19780	2.577296409775283
19790	2.4917035204218974
19800	2.476599369256482
19810	2.4501581151325933
19820	2.4280533506775597
19830	2.46145150410034
19840	2.440133801353223
19850	2.4594381028383
19860	2.416518192297714
19870	2.3923239246697086
19880	2.3804420465654093
19890	2.332250178198793
19900	2.3780417260614812
19910	2.3841701325555595
19920	2.420301292954755
19930	2.341492000819263
19940	2.3378042973472413
19950	2.289556422456219
19960	2.2826671141336776
19970	2.2513556444705447
19980	2.2386358982489227
19990	2.254047911364828
20000	2.2212572895453855
20010	2.2600427333171758
20020	2.2423597393810373
20030	2.1914768994561555
20040	2.2222542714088784
20050	2.218538569664268
20060	2.2523295120080693
20070	2.1763526001879674
20080	2.1877568784497643
20090	2.221811894865002
20100	2.181033192098109
20110	2.160702690469799
20120	2.16059973541453
20130	2.1858224248128857
20140	2.1200216289221268
20150	2.133538486158094
20160	2.1403012446683807
20170	2.084219346434196
20180	2.0823093276576428
20190	2.11525977339839
20200	2.094316717543731
20210	2.072112521132684
20220	2.0496002911321534
20230	2.0391579970124494
20240	2.105564614664684
20250	2.0875186358712505
20260	2.033811471178242
20270	2.078457851874515
20280	2.071718804975549
20290	2.0385816118338944
20300	2.0656258159809298
20310	2.0084650866787004
20320	1.9892694033956546
20330	1.9551239573844441
20340	1.964850773999577
20350	1.9582886303945306
20360	1.9819547766201433
20370	1.9951861566365026
20380	1.9698115979717166
20390	1.9312515068465825
20400	1.898643560362139
20410	1.8837142080255491
20420	1.9054245794800524
20430	1.9057124178577864
20440	1.8805254339043156
20450	1.8950675261970096
20460	1.9111800412480284
20470	1.9336695560569748
20480	1.924700763026224
20490	1.886040206683331
20500	1.904617171789662
20510	1.850005795508647
20520	1.849075785530421
20530	1.872816217241131
20540	1.8562668910435383
20550	1.7918137794276392
20560	1.8805074622570739
20570	1.8316946926677409
20580	1.8221815926913478
20590	1.7823683099804082
20600	1.8820424735916532
20610	1.8411261969265453
20620	1.777119269677016
20630	1.756400720679957
20640	1.7503228553420147
20650	1.7568076212158392
20660	1.7746606230188418
20670	1.7486509898002267
20680	1.7836666155435523
20690	1.7131029339759565
20700	1.656512513842557
20710	1.6704268041103263
20720	1.649830136869938
20730	1.628848222440142
20740	1.6367613261846026
20750	1.673295821223689
20760	1.666198488604238
20770	1.675979310537128
20780	1.6188058242915098
20790	1.5686126063265242
20800	1.5830770834138586
20810	1.5970924311139318
20820	1.5669146423646805
20830	1.5122933533840215
20840	1.512282139166836
20850	1.51199001444245
20860	1.535720658518234
20870	1.4923048665987302
20880	1.5049984423042126
20890	1.487589554029847
20900	1.4815473445733256
20910	1.4927931809337371
20920	1.5252472029645419
20930	1.491224001120503
20940	1.4927431349188027
20950	1.5219079644481668
20960	1.4587942075001372
20970	1.4092766220140043
20980	1.4326752630726995
20990	1.427181396131432
21000	1.4324062459243019
21010	1.4288172198104203
21020	1.3850288088555276
21030	1.4203148323425416
21040	1.4112790150309884
21050	1.3858368996527133
21060	1.4115696759738217
21070	1.4715275448053036
21080	1.3376204970850645
21090	1.330139638947296
21100	1.3089033890008848
21110	1.3457718594767054
21120	1.349098498364528
21130	1.2808063187413123
21140	1.318453520889677
21150	1.3302581337009054
21160	1.2993718202303526
21170	1.3451733538631252
21180	1.3475172343002033
21190	1.304491655761272
21200	1.2580428626766074
21210	1.2411707668666052
21220	1.2355286791479878
21230	1.2501694866382775
21240	1.2456773924313238
21250	1.2399044605172345
21260	1.22286750791133
21270	1.2117026403158524
21280	1.213720337191816
21290	1.1964724535259057
21300	1.14867932728088
21310	1.2226167014624634
21320	1.202669614825862
21330	1.2566183797936408
21340	1.1567481689905865
21350	1.1304143706667016
21360	1.1492002227117992
21370	1.1990912378864111
21380	1.192687062055433
21390	1.1611859018535218
21400	1.1629864390755065
21410	1.1752889120513987
21420	1.1630712090484783
21430	1.159389193215179
21440	1.1158213539979878
21450	1.1827138358892706
21460	1.1290580602913654
21470	1.1069603833588282
21480	1.1144078036049074
21490	1.0880778645683795
21500	1.0817665142254547
21510	1.083102189043901
21520	1.0746976075859016
21530	1.070742272426909
21540	1.063152573882278
21550	1.0684050382085264
21560	1.0794086402508414
21570	1.0415968586353501
21580	1.0460839154901742
21590	1.0317848637371398
21600	1.0242205910678255
21610	1.0361140779743234
21620	1.042063808859341
21630	1.0210823741602455
21640	1.024371406130223
21650	1.0170690315836457
21660	1.0057403106489131
21670	1.0137058368289886
21680	1.0444501205762038
21690	1.100744295786533
21700	1.0109691690508087
21710	1.0318900449414328
21720	0.9931029914341319
21730	0.9634708200988852
21740	1.011685280775202
21750	0.9871553258066281
21760	0.9737760055756165
21770	0.9624776036986725
21780	0.9795107821199787
21790	0.9691528320840103
21800	0.9590005419556095
21810	0.942028780935396
21820	0.9473273769572168
21830	0.9096634005578382
21840	0.8985922147974164
21850	0.9126222636576765
21860	0.9399861398444802
21870	0.977779786620298
21880	0.9258753047802535
21890	0.9223521520533325
21900	0.9049028903024148
21910	0.9040030453179487
21920	0.9265116511520242
21930	0.8456403823550467
21940	0.9145659244461518
21950	0.8906508730302676
21960	0.8608414336600592
21970	0.8824202326230257
21980	0.8653608911897681
21990	0.8464649689741603
22000	0.9159230373675024
22010	0.8823135537617176
22020	0.841520937938979
22030	0.8634486920895821
22040	0.831977742932172
22050	0.8142741941032757
22060	0.8388476657764888
22070	0.8370229870573328
22080	0.8784027397670486
22090	0.8538139826674173
22100	0.8360556794647517
22110	0.8319558161006673
22120	0.8835550659149275
22130	0.8184244222972219
22140	0.8037073886662092
22150	0.8520297753189312
22160	0.8243872056314019
22170	0.8428512479354773
22180	0.8152104897518897
22190	0.8019071059734513
22200	0.821851762707447
22210	0.779477399383116
22220	0.767032521996813
22230	0.7735392235623908
22240	0.7693043867839157
22250	0.8423356914899114
22260	0.9192946501505308
22270	0.8021395104361624
22280	0.7400305635145636
22290	0.7306727708819118
22300	0.723446416591425
22310	0.7191341188837892
22320	0.7201275880649098
22330	0.7632502851863511
22340	0.7306258005537152
22350	0.7038469416484183
22360	0.700090520310843
22370	0.710863165113216
22380	0.7005834863501048
22390	0.7276313407610308
22400	0.7402236517490128
22410	0.7205441334198788
22420	0.7010666319252146
22430	0.6825686218364422
22440	0.6665965862215012
22450	0.6688026686950459
22460	0.7947428076906761
22470	0.6970007918025191
22480	0.7233637859507969
22490	0.686684992941614
22500	0.6798990313504162
22510	0.6820721645578305
22520	0.6645510587334498
22530	0.8283510189179749
22540	0.7307143626046505
22550	0.8327226410830609
22560	0.8143622426229633
22570	0.7420367877911206
22580	0.6832310874014182
22590	0.6696926290585956
22600	0.6378430601269609
22610	0.6282465105988098
22620	0.6341502331545916
22630	0.663106889088152
22640	0.6379290480234907
22650	0.6476386183288837
22660	0.6339460114325082
22670	0.6591614774867416
22680	0.6171074259566232
22690	0.6376187205198051
22700	0.6337203353166909
22710	0.6291850273159635
22720	0.6333483096955674
22730	0.6327563089965775
22740	0.668543436316854
22750	0.6748989017051257
22760	0.6293860684730963
22770	0.6041073886779128
22780	0.6181560188746373
22790	0.6129177428129544
22800	0.6525909835539312
22810	0.5956624170212443
22820	0.5790680638575699
22830	0.5718042729334166
22840	0.5967704338071751
22850	0.5765495445904576
22860	0.5558255494276025
22870	0.571274238921242
22880	0.6166086764425737
22890	0.6283624612288647
22900	0.6669132339813907
22910	0.5808927769314162
22920	0.5703949145242148
22930	0.5649012046897873
22940	0.5525068603252108
22950	0.6142940454290439
22960	0.5657824103007024
22970	0.5593141255156912
22980	0.5676658661324498
22990	0.6735108986678835
23000	0.6233051368425554
23010	0.595971030948455
23020	0.5993556892074731
23030	0.5992124883118337
23040	0.5610433050026213
23050	0.5548511193083274
23060	0.5217156450991037
23070	0.6074975645223852
23080	0.6441377263126628
23090	0.6023666914911392
23100	0.5311409282977204
23110	0.5292370003767546
23120	0.5109756141438911
23130	0.4957432941165449
23140	0.5249479419430834
23150	0.576152095785342
23160	0.5149025619426312
23170	0.4980752713732185
23180	0.5116477137141406
23190	0.5167318758015222
23200	0.5106351808736653
23210	0.5171411008036438
23220	0.5607754383395482
23230	0.5121435688830662
23240	0.521322928387711
23250	0.5256260280365468
23260	0.5169089496828554
23270	0.5388631523746346
23280	0.49955537860445
23290	0.48389290839038723
23300	0.48409267231022923
23310	0.5436580663443373
23320	0.5165150605262729
23330	0.514143433739129
23340	0.49054097377856837
23350	0.5044718610100405
23360	0.5014507784054204
23370	0.49002800656381984
23380	0.49475514238207824
23390	0.4766206272337737
23400	0.4972224900941345
23410	0.5048301706797023
23420	0.48831535533123527
23430	0.5106355725658921
23440	0.5068365188466406
23450	0.4817843391227736
23460	0.49707861907256307
23470	0.47829171177949203
23480	0.4767663449762599
23490	0.49097619960678757
23500	0.5400767885945983
23510	0.501478243486642
23520	0.49217101093032173
23530	0.48015608939426674
23540	0.551738034338538
23550	0.4489221392645719
23560	0.4746864865016068
23570	0.45446930244308087
23580	0.48525208629831607
23590	0.5027332916344794
23600	0.5181488671121365
23610	0.482301389652605
23620	0.4602141966957658
23630	0.44912978537191
23640	0.46462592353430704
23650	0.4576356382877266
23660	0.4920776554486529
23670	0.47816076771869137
23680	0.4804485439021583
23690	0.4888650097011046
23700	0.48355229276917727
23710	0.49099315302021396
23720	0.46659552298642204
23730	0.4824346464770102
23740	0.4808197903115975
23750	0.4470236556587583
23760	0.45567367893026567
23770	0.4342929086784486
23780	0.4468884972811005
23790	0.4940397497298368
23800	0.5040303829060028
23810	0.47127848621476354
23820	0.4293656762017635
23830	0.49334903521729023
23840	0.43533451867620804
23850	0.45673258824202906
23860	0.45133775687732663
23870	0.39372998238596785
23880	0.397994612162571
23890	0.43965464855496056
23900	0.4430354613238664
23910	0.4823536159343332
23920	0.44164030706145724
23930	0.45410213501200775
23940	0.4043922908806667
23950	0.41052822879650064
23960	0.4261398331104099
23970	0.539599169417987
23980	0.4299953795076315
23990	0.4300158791856187
24000	0.4565500408488444
24010	0.4281229831901062
24020	0.4231478533639008
24030	0.44028601127447153
24040	0.4265201725566855
24050	0.4680531414269842
24060	0.4698139675512346
24070	0.4566482126369383
24080	0.43992839829934743
24090	0.4384938119112528
24100	0.4443047505334945
24110	0.44635572422320496
24120	0.46668554589836136
24130	0.4303041496263597
24140	0.40738150641100523
24150	0.43089358416280504
24160	0.3914762106549105
24170	0.44143474193876436
24180	0.483268403821773
24190	0.4780013180133977
24200	0.4133736582079958
24210	0.38770242317282466
24220	0.4029025133137084
24230	0.39068989598023673
24240	0.40628760262713964
24250	0.3608155894576571
24260	0.35475737852244604
24270	0.3713769844230166
24280	0.38011097359946805
24290	0.3903163113355853
24300	0.40299050193429586
24310	0.38885022066090325
24320	0.3623754792937299
24330	0.4099110617126702
24340	0.44593931425202743
24350	0.42008499225504997
24360	0.4493200061587638
24370	0.4291644856092307
24380	0.4104108968539974
24390	0.4168464415540739
24400	0.445144706322427
24410	0.41365891582793984
24420	0.418143379971995
24430	0.48732618922833976
24440	0.3887783203523926
24450	0.4145007355341227
24460	0.37804095591708525
24470	0.3346572173815622
24480	0.33382426892825584
24490	0.33903719933351933
24500	0.35402010097137226
24510	0.3179077701071706
24520	0.3255441123322687
24530	0.3332835815478859
24540	0.38955865079025837
24550	0.32462325269332
24560	0.3446803361234322
24570	0.3366583805157963
24580	0.3467626359370634
24590	0.3414347832156658
24600	0.32776328457742004
24610	0.40377243076338076
24620	0.3633864648968791
24630	0.41693407492903395
24640	0.3387400856332391
24650	0.35595719563694234
24660	0.35307386357556525
24670	0.3219477521604701
24680	0.32146760743669656
24690	0.3414124427944089
24700	0.3555723124354628
24710	0.3317649719836986
24720	0.31777470464664503
24730	0.32705695071851326
24740	0.3267810127644161
24750	0.31197190189099955
24760	0.34297192109548663
24770	0.35848734565726714
24780	0.32749375584203155
24790	0.29134713687574354
24800	0.304710134876841
24810	0.35590722469387104
24820	0.3282110260835427
24830	0.34969845575654857
24840	0.350176415455074
24850	0.26709443861039833
24860	0.3032296992650751
24870	0.30339602023634743
24880	0.3053149801312099
24890	0.3488896975098988
24900	0.27284229906113666
24910	0.27578060082952993
24920	0.3003952634350764
24930	0.2926217130625691
24940	0.3753349801804846
24950	0.28932514213589644
24960	0.28910090650753273
24970	0.32052181825256687
24980	0.34767659184547534
24990	0.2976563571160998
25000	0.3229219547284645
25010	0.2608930983073809
25020	0.2786696073974644
25030	0.28931133941549936
25040	0.3011231705588685
25050	0.3124544062638715
25060	0.3334536571130005
25070	0.27114858307039297
25080	0.27792205890409577
25090	0.264600556968468
25100	0.2829739152207114
25110	0.3186541446238476
25120	0.30607688888984164
25130	0.2824177498911001
25140	0.3114271626190324
25150	0.2925901742082073
25160	0.297795762604762
25170	0.27982347411861785
25180	0.2831253937100867
25190	0.34663268482076587
25200	0.30191622141132884
25210	0.29922130116686774
25220	0.2754409536480044
25230	0.27281129089964473
25240	0.2702575084057473
25250	0.30919243144824254
25260	0.27905220952212867
25270	0.27328813297126414
25280	0.29597747113878164
25290	0.2933092841627098
25300	0.2977036976272685
25310	0.2922805087824918
25320	0.284502271545297
25330	0.29425998700976297
25340	0.3037334767900267
25350	0.2516388274185578
25360	0.2803880765362191
25370	0.23619197499659872
25380	0.27045130143868445
25390	0.2455300430227162
25400	0.26582895315463656
25410	0.238993643710267
25420	0.27114431564076535
25430	0.2625574610371142
25440	0.22819394179874194
25450	0.23776748595471406
25460	0.23898124555750194
25470	0.22616062611488472
25480	0.2389666208794137
25490	0.25811463483945335
25500	0.2644364025910053
25510	0.2516403546388621
25520	0.26701867740704593
25530	0.25754973196000097
25540	0.2613117821127313
25550	0.2996904065216741
25560	0.25489174232404926
25570	0.2278748779491681
25580	0.23608661657811209
25590	0.23618586335631644
25600	0.2451992159912316
25610	0.2765670721432296
25620	0.3091022349939642
25630	0.23131266472437295
25640	0.2640428741045353
25650	0.2191116673122626
25660	0.26195707791892947
25670	0.27748786652472346
25680	0.28557138692449313
25690	0.24503292330268003
25700	0.22202705307070525
25710	0.22877893726545123
25720	0.22629753826899082
25730	0.2178714954129029
25740	0.24176477371430682
25750	0.24822413870385235
25760	0.1984058238981078
25770	0.22448389155040846
25780	0.20792315188213525
25790	0.21041280634275755
25800	0.2096728097624362
25810	0.2025357360387819
25820	0.22384304722020984
25830	0.22700310028367784
25840	0.20148566179392263
25850	0.25223742994152526
25860	0.21769169202046207
25870	0.21611245975298868
25880	0.21901341007270517
25890	0.19823778908148806
25900	0.22319657515357302
25910	0.20754396061649422
25920	0.20661739192050455
25930	0.2156345157921275
25940	0.24040918695392455
25950	0.28624255605113696
25960	0.2018366220595938
25970	0.2339558130451015
25980	0.21964944960453464
25990	0.22065590017795247
26000	0.18540868653593104
26010	0.17281143351640155
26020	0.1811793048096492
26030	0.17740270256934398
26040	0.17412083877560336
26050	0.20106638785895406
26060	0.1880509718144866
26070	0.17478778233989584
26080	0.1637605417475169
26090	0.24182875336571455
26100	0.185314587740866
26110	0.18725507295027155
26120	0.22007534202602685
26130	0.18680340825193875
26140	0.21852723104942776
26150	0.16896469715812415
26160	0.16141042379612236
26170	0.1689222835500097
26180	0.21520857653166803
26190	0.21212888770565771
26200	0.21804991281848235
26210	0.28163533524421863
26220	0.2181793146008393
26230	0.17040784566920134
26240	0.2112519150650883
26250	0.21570345148743644
26260	0.29695911646490397
26270	0.18333201925258116
26280	0.161621155566391
26290	0.1773487522187851
26300	0.21700078161267503
26310	0.16177498150843467
26320	0.1794414874635236
26330	0.16202144794409767
26340	0.17490698096765342
26350	0.1787513951481579
26360	0.21939006475494138
26370	0.18068598089818333
26380	0.1910587012533171
26390	0.20273967574802165
26400	0.1991535368579238
26410	0.18025993969789228
26420	0.1685054584537302
26430	0.1373404673976562
26440	0.17271101207559822
26450	0.19576517972141627
26460	0.17522128776215395
26470	0.2383199175511491
26480	0.20945638486739782
26490	0.18392127120856305
26500	0.22565730926200156
26510	0.1816389654063696
26520	0.20740554083229518
26530	0.19425145145290273
26540	0.19646909420937017
26550	0.16702258911453002
26560	0.1413528981862556
26570	0.18621459867015178
26580	0.2226716384728522
26590	0.24721771178505353
26600	0.18524625768066927
26610	0.1602189232549632
26620	0.1947139391006073
26630	0.18697191177148006
26640	0.17805442838041913
26650	0.19440605706899658
26660	0.19247839708925532
26670	0.19210212585987016
26680	0.17414969199027172
26690	0.19285660569218274
26700	0.15850945876240674
26710	0.16064450594682236
26720	0.1945798085155601
26730	0.25334966932472214
26740	0.2378429548495522
26750	0.1629686793140364
26760	0.1630540948573166
26770	0.24514531804988612
26780	0.2631017753714457
26790	0.3030095106677906
26800	0.2224944415746979
26810	0.18220594244483662
26820	0.221976694392591
26830	0.18149495573772745
26840	0.15450919314893438
26850	0.13407248579625
26860	0.16402020577448959
26870	0.15430195959234788
26880	0.14761673460940297
26890	0.14034260665456696
26900	0.15379542976998153
26910	0.1678661005419347
26920	0.16224690226257368
26930	0.13122003852220407
26940	0.1499125957622021
26950	0.2343370482793691
26960	0.16252075242329503
26970	0.15726235802190444
26980	0.13998281615052802
26990	0.1302519956658494
27000	0.24439158384906656
27010	0.21166548729564474
27020	0.22552641226936054
27030	0.19077549780344336
27040	0.2007996578703033
27050	0.20234938064895394
27060	0.23346191513448725
27070	0.21496450332237318
27080	0.1870206137877241
27090	0.24244099023814814
27100	0.15953046064871995
27110	0.18565203278147654
27120	0.1899215199654471
27130	0.1776115146002926
27140	0.22573490278122602
27150	0.17926455316099177
27160	0.15226193882050543
27170	0.17558332351355532
27180	0.1565564133426066
27190	0.16548853490021745
27200	0.1337404989213699
27210	0.1651266413352707
27220	0.14459632682879872
27230	0.15410463358787574
27240	0.13155744745620004
27250	0.13416841086961612
27260	0.1194759753037708
27270	0.14181770732561552
27280	0.1493053082726453
27290	0.15731019123915926
27300	0.12058796532922712
27310	0.1138108800229161
27320	0.1297360668876881
27330	0.12595649413750973
27340	0.1392428321950861
27350	0.12939535991212342
27360	0.12475407699712422
27370	0.13832173287725147
27380	0.137974504293108
27390	0.15053805460443623
27400	0.1238937842289564
27410	0.14539018748278854
27420	0.1067872319950532
27430	0.10550794787654141
27440	0.13921623905585587
27450	0.17855583665995584
27460	0.15589317822289583
27470	0.11735642708513491
27480	0.15715821547264913
27490	0.14890635894006377
27500	0.1488016067049955
27510	0.19028878593560575
27520	0.237383918362803
27530	0.1667765321418204
27540	0.2181740053611987
27550	0.17345457122085595
27560	0.17962011263787078
27570	0.13628885428652016
27580	0.11945167615328274
27590	0.15923691040919638
27600	0.15375859628507627
27610	0.19349394135728445
27620	0.179960535447893
27630	0.19920918485582062
27640	0.1728826682785218
27650	0.14450011281540076
27660	0.1587217133965849
27670	0.15712748319795775
27680	0.1557984897390977
27690	0.15059327004074738
27700	0.15628460732688865
27710	0.16954047290441354
27720	0.21840309913318356
27730	0.15854204255528634
27740	0.15275264507162792
27750	0.12519406046981002
27760	0.1401818970242001
27770	0.16504921021111835
27780	0.12152784380808786
27790	0.12747291803942332
27800	0.14168616750732613
27810	0.09901536680480418
27820	0.14420043052924145
27830	0.13161833382948018
27840	0.15779503937130135
27850	0.1221735009184617
27860	0.12188585161640357
27870	0.1321044106537342
27880	0.14223435228862005
27890	0.13062646549066123
27900	0.1306602681782483
27910	0.19842670171446405
27920	0.14648982470606461
27930	0.1298683212693615
27940	0.11089491566757899
27950	0.13635676245503375
27960	0.1356263224382764
27970	0.17134142560570176
27980	0.18469370753683376
27990	0.2495166841643971
28000	0.14787761039331457
28010	0.10608260924571891
28020	0.132439622340654
28030	0.11794946227491952
28040	0.11004143879906002
28050	0.10964680084417824
28060	0.16578000540413737
28070	0.21042018485335817
28080	0.2127628110279795
28090	0.19271330878843382
28100	0.15261312293667714
28110	0.1314044403454058
28120	0.13929951569234056
28130	0.11841515843565793
28140	0.12788158022697818
28150	0.09647493911553731
28160	0.12610016153206713
28170	0.11662807762904362
28180	0.16268855032860485
28190	0.13689811356717208
28200	0.14865298587064332
28210	0.19208473291298214
28220	0.13768480473287978
28230	0.16103140316975348
28240	0.23391351308244918
28250	0.20797099657083862
28260	0.15328972250789263
28270	0.1704596977564449
28280	0.11517951160017022
28290	0.12124556099778676
28300	0.11584249051143218
28310	0.13206290277424151
28320	0.14800233299429866
28330	0.1394229859572983
28340	0.11744849080876757
28350	0.1263320218201188
28360	0.1735550518264725
28370	0.15745429373237896
28380	0.11369320054262941
28390	0.10182226884783886
28400	0.13575329160802355
28410	0.10841051107843444
28420	0.1251603461897854
28430	0.12872005175339557
28440	0.13111161925743473
28450	0.12446773222378751
28460	0.11276635556227606
28470	0.13831856030416945
28480	0.10321245001875275
28490	0.11659086389126434
28500	0.12660420526985303
28510	0.13902602801968653
28520	0.309454093951868
28530	0.23594029983435638
28540	0.1763710595621232
28550	0.2267475682329578
28560	0.24119697029322482
28570	0.33278708898078524
28580	0.19895399537116099
28590	0.11539102626171979
28600	0.08668186633686165
28610	0.1417762610622928
28620	0.1528030163429115
28630	0.16066146619324467
28640	0.13987251030103673
28650	0.12631224595006502
28660	0.10066329628876183
28670	0.11051909609890434
28680	0.16820264685283254
28690	0.15272336030425077
28700	0.2591783063075276
28710	0.1279511336257
28720	0.11935439907914117
28730	0.11029697515916906
28740	0.11893359411102965
28750	0.09811286338275618
28760	0.2085943585656207
28770	0.16504155508452764
28780	0.10936253245772405
28790	0.11009491153018136
28800	0.10875277951662883
28810	0.12290302155289391
28820	0.1072982098562411
28830	0.15809073756615089
28840	0.16217983318373003
28850	0.1334611872989664
28860	0.12276672422977528
28870	0.15675190576018697
28880	0.1582174186395193
28890	0.13990739534240204
28900	0.13373121359334006
28910	0.16972351022775514
28920	0.20599731453915515
28930	0.15006952966207143
28940	0.14853641882645602
28950	0.08892882262234048
28960	0.1368416895288756
28970	0.11147492424577857
28980	0.08389289257986544
28990	0.1234139776549649
29000	0.13424524882803496
29010	0.1328218339264455
29020	0.1946762846553721
29030	0.1388951911271068
29040	0.11038460787521243
29050	0.1308233668616093
29060	0.12476967090163925
29070	0.11401392407673953
29080	0.14746226113929992
29090	0.12908908982298967
29100	0.0872218282848982
29110	0.15480099109740134
29120	0.17299748455445507
29130	0.12743736059370298
29140	0.16432485974805675
29150	0.09076329924033576
29160	0.09973132809132466
29170	0.11248073427551912
29180	0.10339646282232208
29190	0.12925459594206937
29200	0.12873270034767928
29210	0.13685357400252385
29220	0.14607178240470442
29230	0.1099222106074789
29240	0.10002681261709206
29250	0.0854176770930034
29260	0.09894528186748608
29270	0.1362540200448066
29280	0.23690250374829122
29290	0.10298779828786521
29300	0.08807644272142387
29310	0.10454799667255989
29320	0.10360406487613634
29330	0.13447783172834876
29340	0.12069262099556957
29350	0.12368313374048416
29360	0.09933601221048893
29370	0.10349486990057942
29380	0.09260918968675107
29390	0.08567242846460842
29400	0.0705719899043556
29410	0.08696411136147728
29420	0.09246603877709948
29430	0.1204156729960113
29440	0.24887445872241024
29450	0.2869824651639939
29460	0.14733072487929597
29470	0.29629348306640513
29480	0.24717110165062367
29490	0.22724934604086938
29500	0.3320806358581598
29510	0.17438798208535036
29520	0.19880342015399952
29530	0.1045070868372938
29540	0.2633919419277919
29550	0.25681311418966113
29560	0.15406534018027326
29570	0.14602252972102556
29580	0.19311912519323324
29590	0.14092473475386125
29600	0.10706201784941821
29610	0.1284293303323109
29620	0.1574397183414831
29630	0.19448411741177044
29640	0.1135926907676708
29650	0.12229020498596431
29660	0.16179357424096577
29670	0.12084432347079145
29680	0.1312902902755753
29690	0.09212635813113149
29700	0.1002840040225185
29710	0.0814906270084566
29720	0.12244799351411079
29730	0.20192793956382135
29740	0.16909553449646453
29750	0.1523160739746981
29760	0.12545873823990517
29770	0.10848220619411407
29780	0.08981588915924735
29790	0.08841160369772538
29800	0.1352288425712318
29810	0.12121390950858497
29820	0.10725237038791327
29830	0.14025047590558265
29840	0.13888452523337938
29850	0.0828571618686522
29860	0.09969254771687958
29870	0.10456258590331924
29880	0.11423159109468478
29890	0.09676137023717264
29900	0.12908075576223443
29910	0.06366067645114015
29920	0.1238261440912678
29930	0.1659160677987569
29940	0.13932666107602043
29950	0.09883097754818845
29960	0.10426625043240789
29970	0.10984808276014117
29980	0.10678506303510567
29990	0.08126556092124074
30000	0.08245762844368908
30010	0.09286507788426084
30020	0.08728185192911599
30030	0.12671114852981688
30040	0.08662745546994137
30050	0.11803429617583713
30060	0.20152893969942015
30070	0.10155455794430883
30080	0.09176616914845669
30090	0.09930843700885952
30100	0.09663283717737886
30110	0.13618283408974405
30120	0.07921590799683431
30130	0.12051452605191983
30140	0.16343576269909035
30150	0.11126399479409133
30160	0.10806633746294725
30170	0.08919925420548748
30180	0.10777847164070742
30190	0.11835853048163794
30200	0.1704162182674196
30210	0.12579750468911008
30220	0.08935240221773305
30230	0.1731566417815298
30240	0.2056573885480612
30250	0.22985215484146929
30260	0.20030858619059475
30270	0.33981418315961104
30280	0.18799880915778563
30290	0.18301916453086578
30300	0.12428211212042621
30310	0.08793016270261322
30320	0.13347789903926244
30330	0.11022206916215213
30340	0.08260158717494108
30350	0.08784878699417344
30360	0.19933446755759124
30370	0.17946645641880402
30380	0.12547327997351357
30390	0.12179193866641141
30400	0.10197223818355108
30410	0.12755081569448434
30420	0.157083654570958
30430	0.28019333770651933
30440	0.15268475528852596
30450	0.180770437604387
30460	0.0956312714619822
30470	0.10120006434871355
30480	0.10561878203203337
30490	0.11076765742118411
30500	0.10486768323585557
30510	0.0811166137445394
30520	0.06957009608128731
30530	0.07671092624290429
30540	0.11799232986044328
30550	0.07506901909706479
30560	0.09132730136186946
30570	0.09504633823646472
30580	0.10098376271679106
30590	0.1408980062887973
30600	0.08440046697833826
30610	0.09287798557649173
30620	0.09194265734915072
30630	0.09232411167945863
30640	0.08458341237886811
30650	0.0856095702465437
30660	0.09478618652515362
30670	0.10061027337470728
30680	0.09949221221382763
30690	0.09627615757851532
30700	0.13692252404671046
30710	0.11822959714912033
30720	0.08109818119360111
30730	0.09358015106629998
30740	0.09977187782445983
30750	0.0865714906440592
30760	0.12138787007881698
30770	0.135127275899322
30780	0.09937807641763016
30790	0.10271863683089677
30800	0.13168464764588156
30810	0.08168235436442711
30820	0.15355441621795743
30830	0.1071047093829643
30840	0.12842170837887382
30850	0.14619054452324518
30860	0.13779072608209444
30870	0.14682850384082133
30880	0.0739013333574002
30890	0.08570397544282138
30900	0.1046959014078272
30910	0.14363753105841806
30920	0.14318718107320946
30930	0.07955797166928111
30940	0.09896544808285776
30950	0.15206008939364363
30960	0.12486256178608114
30970	0.07827735178059632
30980	0.10951665379942324
30990	0.08696069597099325
31000	0.08428172866408443
31010	0.09614824613137189
31020	0.13107670508122574
31030	0.11227634719217765
31040	0.10174506997471436
31050	0.09082369789101197
31060	0.11776381245513884
31070	0.09867904210014268
31080	0.09107420507533635
31090	0.08663059831035878
31100	0.12177050174633004
31110	0.1375500628057776
31120	0.1204019961947628
31130	0.08835159140278386
31140	0.095679701621886
31150	0.08544005733592186
31160	0.09322682212955118
31170	0.11338688125998686
31180	0.09325690320012439
31190	0.09045968477936746
31200	0.10159833904032688
31210	0.0810219088702699
31220	0.11975111754998255
31230	0.09302529744055368
31240	0.09315541672154946
31250	0.11857809766744216
31260	0.10262849197749202
31270	0.13081198446761272
31280	0.0859465369205021
31290	0.15033841566325143
31300	0.13237613523880531
31310	0.10119120478012636
31320	0.12124334364082782
31330	0.08946151614346264
31340	0.0948154169048645
31350	0.07895302039125386
31360	0.06955094142616439
31370	0.11428515980496434
31380	0.11247403008204589
31390	0.09731417863156314
31400	0.09990899724316561
31410	0.059048258738101767
31420	0.11377582165529959
31430	0.09135341289975689
31440	0.12676060108235102
31450	0.10205492322526902
31460	0.10888198870974422
31470	0.08995684411494481
31480	0.12089498875624093
31490	0.08328954701636586
31500	0.11810822400197743
31510	0.11558038299163578
31520	0.07928002911788386
31530	0.09729734092145055
31540	0.10347643801977872
31550	0.10852933814678839
31560	0.09179462937366045
31570	0.07701816750013465
31580	0.062127473105210995
31590	0.07960166247316607
31600	0.0806446427264794
31610	0.13681959929646265
31620	0.13477245423359024
31630	0.14451094548383145
31640	0.13379375610298877
31650	0.14129287092634185
31660	0.08147073031055481
31670	0.11419275090220425
31680	0.13803763822228324
31690	0.098011167508529
31700	0.16078756305652606
31710	0.14231357287205276
31720	0.07854360376025751
31730	0.11111358875112515
31740	0.107122523142674
31750	0.1235394560333447
31760	0.0999967864062869
31770	0.09463173919116291
31780	0.08792693684537618
31790	0.12842189392829093
31800	0.09500169429344181
31810	0.08378856652591071
31820	0.0758871459150117
31830	0.07471589617722588
31840	0.14610019419302053
31850	0.08543286025851851
31860	0.11327537798354698
31870	0.13703699276594983
31880	0.13803703285974164
31890	0.10246386323879812
31900	0.1351640540934087
31910	0.11446629918470129
31920	0.12453555128927353
31930	0.18600627265365424
31940	0.12022005502679863
31950	0.11687493704445844
31960	0.09571188279916197
31970	0.09159420270247923
31980	0.07416821378176965
31990	0.0785893348734091
32000	0.23010206034386482
32010	0.08378402480015301
32020	0.06413925342165769
32030	0.06909926719720721
32040	0.10781312375378158
32050	0.15054192665688812
32060	0.1218736580016353
32070	0.09519978503261552
32080	0.09687519666464409
32090	0.08449277939110379
32100	0.07439580349536302
32110	0.08476534280980261
32120	0.10601685403909866
32130	0.1299060691190188
32140	0.34279193942177805
32150	0.12455054650536442
32160	0.11840163648783905
32170	0.1056418047252099
32180	0.10711015106130307
32190	0.16171483190842878
32200	0.14289914772947715
32210	0.13628536806561214
32220	0.1115579402813004
32230	0.17573612601028551
32240	0.10779474609364356
32250	0.08239256530330101
32260	0.09725024305961931
32270	0.09900022894230429
32280	0.12151268761914628
32290	0.08057989828396929
32300	0.11691140380036844
32310	0.06781447585239582
32320	0.0768567561917402
32330	0.09269505612399007
32340	0.11449260758738339
32350	0.14950170124496637
32360	0.10269782841271635
32370	0.09092245870411977
32380	0.11010476220339002
32390	0.09512715620681034
32400	0.06451897176195093
32410	0.11399311773140927
32420	0.07969723392975103
32430	0.13981067694590935
32440	0.13140125625784685
32450	0.09644313161521191
32460	0.09187156729498284
32470	0.10740757728124707
32480	0.11329683989636855
32490	0.09658538117857919
32500	0.11966051410518744
32510	0.0887136659171323
32520	0.08940762378023347
32530	0.09157259193329745
32540	0.1063618172494442
32550	0.10379170249739698
32560	0.102954789578171
32570	0.09665141401204613
32580	0.0847438486317041
32590	0.10070965986062658
32600	0.11016256757005458
32610	0.10557803787895861
32620	0.0999348581360117
32630	0.10136906983349933
32640	0.078849559217957
32650	0.08373181848769252
32660	0.08020672982502186
32670	0.08697023632307925
32680	0.18342117130225422
32690	0.1059753621861258
32700	0.15520178069859827
32710	0.09246646720452359
32720	0.16084942605170696
32730	0.17991796124956436
32740	0.08256950128987031
32750	0.07858838111391739
32760	0.09731346775148793
32770	0.09948108519577975
32780	0.11704446992417757
32790	0.09302423028707137
32800	0.06588744550380563
32810	0.10120210770761787
32820	0.12136177782898606
32830	0.11226386400101686
32840	0.08716426685919267
32850	0.08925445617932569
32860	0.07023829859461371
32870	0.08287597978411453
32880	0.12274768944338167
32890	0.09015376836019559
32900	0.09990789372319395
32910	0.08185639173755403
32920	0.10718622998777302
32930	0.07294703694037576
32940	0.13526682705097023
32950	0.15425226548474114
32960	0.12375076989615985
32970	0.0855965481911768
32980	0.12731860937986825
32990	0.185476029883923
33000	0.10259563491472433
33010	0.1339930803398883
33020	0.14082753626882855
33030	0.1620405733477004
33040	0.11395830458315216
33050	0.09367692252773466
33060	0.13596239773284316
33070	0.1280115800992477
33080	0.13573022601985518
33090	0.21122083845368225
33100	0.18062214321467837
33110	0.20632052079817914
33120	0.2342435943892441
33130	0.1957285644829052
33140	0.0877697544025745
33150	0.08090564009802902
33160	0.09765381363882629
33170	0.16508266688383474
33180	0.11548849370640717
33190	0.0916000402358501
33200	0.13702855431796307
33210	0.20066649467523145
33220	0.22350108585924464
33230	0.09418912301457118
33240	0.15849979188263388
33250	0.16194112021078183
33260	0.17494432339137306
33270	0.13951302936547155
33280	0.1111506150167382
33290	0.1495783994709052
33300	0.14041508546164608
33310	0.07188883213732858
33320	0.09683043456548213
33330	0.08471899641072445
33340	0.07337843548298671
33350	0.09272959393622973
33360	0.09665173233783969
33370	0.10578678881044992
33380	0.08673356816105508
33390	0.2144841959806959
33400	0.08478675938195589
33410	0.14896169381590785
33420	0.10912131195612142
33430	0.11091348044449381
33440	0.10362600350479213
33450	0.10133059761735916
33460	0.07072374945671507
33470	0.09321446104332795
33480	0.11720033062184312
33490	0.1265002727528605
33500	0.1186060500840696
33510	0.18056897062471564
33520	0.14750208866061407
33530	0.08793985801452744
33540	0.08875558573846799
33550	0.1366242735312377
33560	0.09884741886200005
33570	0.0933695860792634
33580	0.08864087158457463
33590	0.16494865037053602
33600	0.10128783070588171
33610	0.09315381891855627
33620	0.11746001052147895
33630	0.09245504780027962
33640	0.16398605335078428
33650	0.14959056331120799
33660	0.13568445920064034
33670	0.16993161893445707
33680	0.12387936294800816
33690	0.07559761856742112
33700	0.08269741843623496
33710	0.10654429211473483
33720	0.09928360468827903
33730	0.15711985167385986
33740	0.09330707823120457
33750	0.09857322217340236
33760	0.0957355391541382
33770	0.1456682176749786
33780	0.15727571154479922
33790	0.10444546691250486
33800	0.15624282235487824
33810	0.2469150590830916
33820	0.16195591258496211
33830	0.12740311425933165
33840	0.1604131816846064
33850	0.1723615183588146
33860	0.1865998057128181
33870	0.08517411267714504
33880	0.1116818978887512
33890	0.09473640179628734
33900	0.08021016377261991
33910	0.10774284788873546
33920	0.07360888457889075
33930	0.11143163010396367
33940	0.0990674512285161
33950	0.0903020255812333
33960	0.15186240945619292
33970	0.12084871453653681
33980	0.10673519109149973
33990	0.1133479870564144
34000	0.12454048234578169
34010	0.15947097532358376
34020	0.12118095233265382
34030	0.09601960405113988
34040	0.11804935385938553
34050	0.08231118889559039
34060	0.10516461161663634
34070	0.09580491197625257
34080	0.11693889944783753
34090	0.10257798010939656
34100	0.11059008407887867
34110	0.08443689565505334
34120	0.07501043985137805
34130	0.13267760855546673
34140	0.19318386303585827
34150	0.19674946276884717
34160	0.19712369211017358
34170	0.22945574903685992
34180	0.18974915876620738
34190	0.1356673577236031
34200	0.10272279333673952
34210	0.092117262925642
34220	0.13229384165299224
34230	0.10271066715979357
34240	0.06304994622122664
34250	0.1149414540490433
34260	0.08720782419906133
34270	0.11099603543651505
34280	0.07376991571794374
34290	0.11544213221518716
34300	0.0786501410186113
34310	0.12291324508717756
34320	0.09753467398470525
34330	0.10245918902563354
34340	0.08011560954406266
34350	0.18038505956101614
34360	0.1574866628016648
34370	0.10825858864296212
34380	0.08484183570040411
34390	0.07602217533923143
34400	0.08038630869604417
34410	0.09329647265699363
34420	0.10554111353661927
34430	0.1619161106684387
34440	0.11004166317429978
34450	0.15630634847984992
34460	0.14822665256712383
34470	0.16072524538939834
34480	0.12259124352271589
34490	0.14594013630549077
34500	0.08492691957220577
34510	0.08611725132531067
34520	0.08045740814621308
34530	0.09178939870136206
34540	0.1964737712019429
34550	0.09025131110196366
34560	0.13493284248633602
34570	0.16192426205796073
34580	0.1378537800466133
34590	0.10745474547171756
34600	0.08224024704984742
34610	0.11357735702213163
34620	0.16424990723440772
34630	0.11668825162184815
34640	0.1357189328315086
34650	0.1179036605463336
34660	0.12385517755207812
34670	0.12467022541824735
34680	0.13464833612933716
34690	0.126346609049613
34700	0.10572671133649898
34710	0.13027108196739418
34720	0.15080401605163585
34730	0.11963276838235903
34740	0.09739602210384513
34750	0.07855086922901769
34760	0.08101937885966327
34770	0.0970046543113175
34780	0.09919533129901952
34790	0.09213017022396675
34800	0.12891350725553982
34810	0.24943834135526402
34820	0.19218171053747599
34830	0.10188031779416717
34840	0.14230887879270288
34850	0.15920902926707495
34860	0.13353857062934202
34870	0.09057945365548768
34880	0.14184876673918292
34890	0.14261994340555992
34900	0.12817562021674653
34910	0.11201709230766962
34920	0.09660062895075135
34930	0.11157415043963938
34940	0.1669102516263495
34950	0.09383734283416337
34960	0.09607919582035855
34970	0.10651659756547364
34980	0.11573154354642635
34990	0.179728115139375
35000	0.22892408515655113
35010	0.20937284907654846
35020	0.09653582677166037
35030	0.12936740533262056
35040	0.12262351768785704
35050	0.17671145043274922
35060	0.16367184718904298
35070	0.12830178649591997
35080	0.1032788374972623
35090	0.07447786777619994
35100	0.10106674294574662
35110	0.13220682609864695
35120	0.1346807213519178
35130	0.19198427927683137
35140	0.18681247263385212
35150	0.14407532879063575
35160	0.17048581860534387
35170	0.11754034890040764
35180	0.13499780633760108
35190	0.09944918489981397
35200	0.13124325149750543
35210	0.10763344226105401
35220	0.10187129809105064
35230	0.12132569721783562
35240	0.12870826392484924
35250	0.2160349315779474
35260	0.11329179543366988
35270	0.09992609780655613
35280	0.08952769418943828
35290	0.09018356274734333
35300	0.14946133917038687
35310	0.14416621921706332
35320	0.12862090911805
35330	0.146434478420174
35340	0.14337215396729586
35350	0.12854261035033823
35360	0.10897222506886688
35370	0.16322421457068548
35380	0.08491028359577582
35390	0.10819939096608884
35400	0.12506919319485296
35410	0.08743760663254475
35420	0.07502587364921816
35430	0.0872666062233423
35440	0.0860912614050274
35450	0.059752835693872436
35460	0.07644367752141619
35470	0.08363611191322494
35480	0.11583300275052445
35490	0.12262658865240071
35500	0.12420209968105553
35510	0.07377395687401049
35520	0.09058155889445899
35530	0.10347203489375532
35540	0.138739608868559
35550	0.11126327866786959
35560	0.08202806448379088
35570	0.10493431758572774
35580	0.11864949998085188
35590	0.10716808749931007
35600	0.09709508497653124
35610	0.08876563829565766
35620	0.11849673788690666
35630	0.10082755135930689
35640	0.06233703449824268
35650	0.08495489162349917
35660	0.06700987576821776
35670	0.10927560415992313
35680	0.10626417612414897
35690	0.1297272962400752
35700	0.14005140195790705
35710	0.15369272807557433
35720	0.1630221027574618
35730	0.11600183161468851
35740	0.1445999550506727
35750	0.11107886423457163
35760	0.14407346680585625
35770	0.14570467338256912
35780	0.08292565015847868
35790	0.09520150261233819
35800	0.11189148501601894
35810	0.09025783353351552
35820	0.08727833083624269
35830	0.14100263357117027
35840	0.1525779956370846
35850	0.1260901399722856
35860	0.1307686597773281
35870	0.15057793575752587
35880	0.15146292094700586
35890	0.07480812152332182
35900	0.08783865578710079
35910	0.0808932144954636
35920	0.11906137797673956
35930	0.12046155604627631
35940	0.11627699586857103
35950	0.1678011231086346
35960	0.17688622161199452
35970	0.13701746444329826
35980	0.19379709787581126
35990	0.2076893756450001
36000	0.18647366962276551
36010	0.0985664487432829
36020	0.17655485833971923
36030	0.13961899300412411
36040	0.0754257547469264
36050	0.11987856734749866
36060	0.08183063891294429
36070	0.07814727475409672
36080	0.10800471214734506
36090	0.11724210467271397
36100	0.09472479048088904
36110	0.08004120167937118
36120	0.08914391955325024
36130	0.08551565393596877
36140	0.1402378328514303
36150	0.10759629965943501
36160	0.12184747618175566
36170	0.08830628490127566
36180	0.0796998050803997
36190	0.16958950656316946
36200	0.08635468644625871
36210	0.14966374014440076
36220	0.14399854293401543
36230	0.11318903088390356
36240	0.11439114554704194
36250	0.18730466104011423
36260	0.10556327886091553
36270	0.14654074628335576
36280	0.13199026098793393
36290	0.21137909436113161
36300	0.25247589397632797
36310	0.17334081279097355
36320	0.12818465279627553
36330	0.11793025735740689
36340	0.09752710136085982
36350	0.08178361920500696
36360	0.07187461115535587
36370	0.13027040083173116
36380	0.1281173324126756
36390	0.09125842900925568
36400	0.09201278566833279
36410	0.1450088442188333
36420	0.07988574840790122
36430	0.0914089581136039
36440	0.09406051797952697
36450	0.12205454397484275
36460	0.09725941919114421
36470	0.11966504025841875
36480	0.09724769740052792
36490	0.1447644986041386
36500	0.10955049582727379
36510	0.09203537774348991
36520	0.07308296018611551
36530	0.14284904340365154
36540	0.15133310054868848
36550	0.14263736989053338
36560	0.10370830552665207
36570	0.08385329094857101
36580	0.10828025431698543
36590	0.08193839684420837
36600	0.11581508661333491
36610	0.11300585696811778
36620	0.07370159150679374
36630	0.05536617669273418
36640	0.07984225259070861
36650	0.12343148861764476
36660	0.1048061615969085
36670	0.15569536625952643
36680	0.12665188183420595
36690	0.16536895183076739
36700	0.11873568623992561
36710	0.13934775151441886
36720	0.08398998860291446
36730	0.16152329237924123
36740	0.12259676662944499
36750	0.1065664173093895
36760	0.12006249995685025
36770	0.10131119651135412
36780	0.09553814188735356
36790	0.1482421555542059
36800	0.12109967663171313
36810	0.09548973457876726
36820	0.09405118454087974
36830	0.10935224502995322
36840	0.1273485740244897
36850	0.10164908905833456
36860	0.12643303628147123
36870	0.11522591110109127
36880	0.12608581274499125
36890	0.148418236737655
36900	0.10719498512301347
36910	0.134152552472872
36920	0.09678324961917793
36930	0.1269691033217008
36940	0.11957316205502895
36950	0.16183497675496586
36960	0.14833812314599462
36970	0.1063242624196689
36980	0.11789357210846704
36990	0.15038714995243374
37000	0.16997209135479127
37010	0.13463149598600815
37020	0.13050937102369897
37030	0.08076547391379141
37040	0.12596624417008767
37050	0.1439617368476083
37060	0.11772664635476165
37070	0.12914586642950637
37080	0.09890179459524276
37090	0.09022682607170322
37100	0.10620552719272378
37110	0.09646348225059295
37120	0.1309283117622478
37130	0.2563876279056991
37140	0.18672050953369648
37150	0.11743543315136293
37160	0.1823307297812337
37170	0.1512956975662666
37180	0.11937629060074006
37190	0.1096365677052467
37200	0.15062577394738536
37210	0.12708910559028355
37220	0.0719688264911322
37230	0.1625765808241428
37240	0.11009777601946247
37250	0.10334965728590512
37260	0.1459526396967159
37270	0.08551317594765416
37280	0.10520914671193311
37290	0.16722568195377263
37300	0.082102075876478
37310	0.09564998495812495
37320	0.08316808658564424
37330	0.08353569586595647
37340	0.18115327101284037
37350	0.13195013803609346
37360	0.13789159219933894
37370	0.1427623418789999
37380	0.1273362950350966
37390	0.09222999270005425
37400	0.1271848976292974
37410	0.16263013788762343
37420	0.16465521586757273
37430	0.18754606404824398
37440	0.12163990493609496
37450	0.08310608482538993
37460	0.1287518711704804
37470	0.11445404046413858
37480	0.12337171536291174
37490	0.11907104665182924
37500	0.16483277243438438
37510	0.15221405859741685
37520	0.15753499321166087
37530	0.13609819610521595
37540	0.25073621463082035
37550	0.26990999265322446
37560	0.22910818887113635
37570	0.1422837262431001
37580	0.1680437411396914
37590	0.0872043620037214
37600	0.0675979656331276
37610	0.06266029494526208
37620	0.08666924785105444
37630	0.0857876518823166
37640	0.09911130364880733
37650	0.08261945773555303
37660	0.08756392147293646
37670	0.09848864668243074
37680	0.11161545466499397
37690	0.12673997894229674
37700	0.09223491412486094
37710	0.19557862356959596
37720	0.1919323187698497
37730	0.12016515723391917
37740	0.1140274557414941
37750	0.10030926658403153
37760	0.1136770835821082
37770	0.09196703103058801
37780	0.09486198037264323
37790	0.07589142973833458
37800	0.09266174701530241
37810	0.07361477560432672
37820	0.08044914782837824
37830	0.0838031994854869
37840	0.14940538877070797
37850	0.18854002799013372
37860	0.10479969557276923
37870	0.1031973373445866
37880	0.18436332872479286
37890	0.1311421503623939
37900	0.11280028939830052
37910	0.24097879705487754
37920	0.08614621096943849
37930	0.07705266776632438
37940	0.0940426461846463
37950	0.10471544213460107
37960	0.11375190137678319
37970	0.1220608996191185
37980	0.14988598191507474
37990	0.179606343184958
38000	0.11339570648394272
38010	0.10124620084878763
38020	0.08374123965739103
38030	0.12560058588271628
38040	0.09660479218795932
38050	0.11529852842497566
38060	0.08636747273568546
38070	0.08691566593225653
38080	0.08554194647180263
38090	0.09300825894919867
38100	0.061174090338712885
38110	0.17563504467324034
38120	0.20529034040782698
38130	0.17903034942185372
38140	0.1254033784265172
38150	0.09214880266261442
38160	0.1220094774097452
38170	0.12423051205254518
38180	0.09341877177143158
38190	0.1588735446057665
38200	0.11813708370596653
38210	0.11583517012079465
38220	0.1049325750555168
38230	0.10589694168775841
38240	0.09905873175049049
38250	0.12355741704018865
38260	0.12049807356152357
38270	0.14153278651162896
38280	0.15172722139681913
38290	0.14579468104595739
38300	0.08298193949369272
38310	0.06832438632034032
38320	0.12011766191297972
38330	0.08329048313035162
38340	0.07931954352654029
38350	0.13987010705718483
38360	0.13111503821369253
38370	0.13086463652751462
38380	0.09072553090639843
38390	0.10667741764101936
38400	0.10756702872816308
38410	0.10482256765989195
38420	0.11222985684028189
38430	0.07122572664637404
38440	0.09373479939689565
38450	0.13608181456377944
38460	0.11683488591852081
38470	0.1294589353991682
38480	0.21944097776955163
38490	0.12163835528678602
38500	0.09672857951963075
38510	0.13046189609358919
38520	0.09600501224935655
38530	0.13349326736867123
38540	0.12234214864120553
38550	0.12440810954599173
38560	0.11300999745646026
38570	0.12374336533682997
38580	0.18115987043458764
38590	0.17937444793228255
38600	0.18160797191770253
38610	0.16602161309816227
38620	0.13343525938328138
38630	0.09610499185592818
38640	0.08967320255112719
38650	0.07799626646231056
38660	0.102847886118056
38670	0.14373252291532973
38680	0.09428111910305301
38690	0.15633287844937901
38700	0.09463838504143776
38710	0.11159631311504917
38720	0.13278620098096366
38730	0.08703371038253443
38740	0.11116746573005101
38750	0.08401163192427845
38760	0.09370260584433461
38770	0.098782274222317
38780	0.19355147877759452
38790	0.1528352880258033
38800	0.17426164247287174
38810	0.19421444779229827
38820	0.12912609051448035
38830	0.08112895989261205
38840	0.10114200487957765
38850	0.07976549672191348
38860	0.09195963375256329
38870	0.07426607219254261
38880	0.06958252964231738
38890	0.08809878473325118
38900	0.15846493522915012
38910	0.1561529879144307
38920	0.21182858464255414
38930	0.10194052308391688
38940	0.11951867515641308
38950	0.11573034454247828
38960	0.14604247953626076
38970	0.20345904019354677
38980	0.17893154986501428
38990	0.13365127570057436
39000	0.13948920997864867
39010	0.12341786906222757
39020	0.09688647701870715
39030	0.10973545947436848
39040	0.131229466080004
39050	0.23412265104097882
39060	0.11166139586093407
39070	0.08925929804869709
39080	0.08110799185622417
39090	0.09660737121456137
39100	0.16000661398261595
39110	0.1798204854684567
39120	0.09071961544123106
39130	0.11397646297990416
39140	0.09008702256089858
39150	0.07267193179768107
39160	0.15290945097600547
39170	0.1085579841014636
39180	0.12735113500812253
39190	0.08075325529488772
39200	0.07704480312277535
39210	0.07459769240336732
39220	0.07312415152625927
39230	0.0894396081036269
39240	0.0893427665900779
39250	0.10631012768674114
39260	0.0834968671170662
39270	0.080474434711825
39280	0.08071924931590448
39290	0.14476898200662452
39300	0.09418049589675444
39310	0.10542739037507369
39320	0.13051099795437812
39330	0.13379669169516323
39340	0.09344036636104405
39350	0.08478446636317923
39360	0.11548607986813444
39370	0.13005039818750957
39380	0.12162804111367394
39390	0.12086064760768354
39400	0.10598759087263915
39410	0.19248159556855382
39420	0.1145237279468179
39430	0.1272448401782761
39440	0.13971468629030445
39450	0.14219432676644292
39460	0.10155026492046824
39470	0.10264473412220608
39480	0.21865754323659675
39490	0.17043772682896205
39500	0.15889331844778348
39510	0.083027608773696
39520	0.09981823098663638
39530	0.07861310496722734
39540	0.09360807529385952
39550	0.10548180279743692
39560	0.1006673832287499
39570	0.09452270203340575
39580	0.08097227166307923
39590	0.08115593719771204
39600	0.09171360005626458
39610	0.0901924284989486
39620	0.1170462880499645
39630	0.11568270118583884
39640	0.16218421974016564
39650	0.12414552948134673
39660	0.0870717345833725
39670	0.08686903203301369
39680	0.1259004164159825
39690	0.09212168122000522
39700	0.10903967975025944
39710	0.07509371004638582
39720	0.10820509587615322
39730	0.0890422517581007
39740	0.08846325538841705
39750	0.08858311597735032
39760	0.11332491553778995
39770	0.09015532256844815
39780	0.10916566127093025
39790	0.10965744274365427
39800	0.10568036605246567
39810	0.13071681442159072
39820	0.13137288842566783
39830	0.146157824975356
39840	0.12009042773881266
39850	0.08464422063823697
39860	0.0816489900822919
39870	0.09160781101391936
39880	0.1118588603122243
39890	0.10100337085895045
39900	0.10536384657708502
39910	0.11270591839667742
39920	0.11198358166942296
39930	0.07684346467595901
39940	0.07758188579912957
39950	0.08660373814668433
39960	0.10128125442198435
39970	0.1152472883590262
39980	0.11042103861888977
39990	0.11904088313894531
40000	0.14253146477333323
40010	0.19244264655208712
40020	0.2315074290559771
40030	0.10473173811961448
40040	0.11284893533082671
40050	0.1434569790957453
40060	0.1541004119776288
40070	0.15725897837913844
40080	0.14917738558853774
40090	0.12642976939969106
40100	0.15183684257636076
40110	0.12185502563035697
40120	0.18620309902505458
40130	0.10129893922424404
40140	0.10400064700808474
40150	0.14895276118680442
40160	0.10750549558059236
40170	0.20545274458513132
40180	0.27443676993067273
40190	0.18283652426592858
40200	0.17718267159400558
40210	0.16641415308126234
40220	0.1029288078787207
40230	0.15012038330038083
40240	0.10573787139288365
40250	0.08338703913091623
40260	0.10272418674888467
40270	0.11202902296240896
40280	0.08779445501535833
40290	0.09413140857798546
40300	0.08386754367212192
40310	0.09168064344405961
40320	0.10697454271293322
40330	0.09175845719103728
40340	0.07962684683298239
40350	0.10734701876985248
40360	0.14883430025143157
40370	0.17803153095298957
40380	0.13809479204489353
40390	0.1207493309315179
40400	0.17800733626074527
40410	0.12227957705450675
40420	0.1368985318653193
40430	0.12514275954334816
40440	0.07897226550756238
40450	0.07135813835931334
40460	0.0771076896045568
40470	0.0924799248874321
40480	0.09200038467781237
40490	0.12740184267027507
40500	0.09775127128436653
40510	0.08407057888861293
40520	0.10465707116752919
40530	0.10165467636341838
40540	0.1006301831149321
40550	0.13879083184872823
40560	0.09178316383514924
40570	0.10257224194278694
40580	0.13634908201919788
40590	0.11410034613626971
40600	0.08441547977729787
40610	0.09644126748284118
40620	0.11916625804801113
40630	0.10797053428998249
40640	0.11733747356305729
40650	0.10792051694096778
40660	0.08038038221730939
40670	0.13616844921795737
40680	0.1478086709390819
40690	0.0859813409373753
40700	0.08173284142578613
40710	0.11882858504326216
40720	0.12125821993029791
40730	0.13058217595056212
40740	0.12172990907196221
40750	0.09480103992373876
40760	0.08402397125656662
40770	0.08975284758021838
40780	0.12736304701888504
40790	0.11898934866684076
40800	0.11736396754714078
40810	0.09404504961811798
40820	0.09752802133793695
40830	0.07925277776198242
40840	0.1043937298903744
40850	0.06566528109631868
40860	0.09677785001907258
40870	0.12522395028443215
40880	0.10262576524639097
40890	0.09646753117007799
40900	0.1391510609575657
40910	0.10699481435001507
40920	0.07951948103101802
40930	0.09875568889210518
40940	0.060035970878847815
40950	0.07569998116400116
40960	0.0716904278129815
40970	0.11960428292635435
40980	0.12770298777297
40990	0.19569067489102268
41000	0.1841782408930205
41010	0.19949460137193642
41020	0.17125804202326916
41030	0.11033980162992069
41040	0.1624913803252142
41050	0.20140464755578952
41060	0.16728859409865865
41070	0.24505807306123212
41080	0.25085752574831294
41090	0.18584909392386095
41100	0.13857374328152303
41110	0.18756618283776272
41120	0.24269749135067087
41130	0.11844290553503202
41140	0.10300383377735975
41150	0.08764782844339503
41160	0.09000189607894736
41170	0.1217244173978216
41180	0.16057131848641337
41190	0.09166134915748508
41200	0.07209956526375376
41210	0.11663978524621338
41220	0.11447974785788306
41230	0.1048945630173088
41240	0.11790680616806201
41250	0.12119201301279381
41260	0.14106341544186096
41270	0.1911608200961246
41280	0.35602394948839267
41290	0.19770954711456748
41300	0.20010781654216897
41310	0.13326898351327635
41320	0.10777004558886902
41330	0.09767482689984029
41340	0.07516073701003112
41350	0.07686680750584532
41360	0.09172564029645226
41370	0.09237284889491852
41380	0.07751440075159995
41390	0.10121331805094076
41400	0.0820035522905572
41410	0.09959026064219927
41420	0.08796370107259766
41430	0.09087535287854846
41440	0.08826532710916819
41450	0.08479736150824327
41460	0.10316998249861425
41470	0.12599626932194385
41480	0.19502946734971188
41490	0.23379683088616035
41500	0.2972146532166473
41510	0.18304123009263792
41520	0.11083422077840822
41530	0.07004299833986294
41540	0.11409120868349433
41550	0.10487389157053664
41560	0.09551612226551598
41570	0.11383303750883134
41580	0.12597579082676563
41590	0.11659943286639415
41600	0.13751803240075178
41610	0.12513455247222927
41620	0.10067503554572285
41630	0.13986071554215393
41640	0.18014836272180643
41650	0.15735341334652952
41660	0.1339945543209496
41670	0.14269276202490203
41680	0.08749838598702082
41690	0.07898471953026398
41700	0.077435625939332
41710	0.07330072150218889
41720	0.08094873068985561
41730	0.09336257430668785
41740	0.1244984272936003
41750	0.10151236812036352
41760	0.11449184852113478
41770	0.16329795346079484
41780	0.1449275133631095
41790	0.08659312471900936
41800	0.05438358942575602
41810	0.10287239509236372
41820	0.16505739932505326
41830	0.15666997178187142
41840	0.16166462720914462
41850	0.11637239070366935
41860	0.12363824959252788
41870	0.07240203388506836
41880	0.08384056337474609
41890	0.10555692922616026
41900	0.07719361743631557
41910	0.07159743283774422
41920	0.1478620901654923
41930	0.07958115904867805
41940	0.10176428004579446
41950	0.14012940828381124
41960	0.14282609590841736
41970	0.14320623522765935
41980	0.1261703371463357
41990	0.12561527929078017
42000	0.09517523446709517
42010	0.07567022551071467
42020	0.08771576637686249
42030	0.11186319633459915
42040	0.12889747603000073
42050	0.10042673623965799
42060	0.16988474573651097
42070	0.10785799379748791
42080	0.094787964248376
42090	0.12120788595715108
42100	0.08830374335533776
42110	0.0967254846518758
42120	0.08793334018703242
42130	0.08220746479028306
42140	0.1450802766649054
42150	0.10760026856485275
42160	0.10901736685302633
42170	0.13371892065373697
42180	0.11914289035757081
42190	0.06721498284761115
42200	0.11770568399682908
42210	0.10820724427348413
42220	0.11449947186578412
42230	0.11422920889281538
42240	0.0971284949939892
42250	0.07788421525717845
42260	0.12127583972227265
42270	0.10300149113400713
42280	0.10607278854837388
42290	0.119001294446616
42300	0.13390163437579256
42310	0.12785354451273795
42320	0.1122204961074747
42330	0.11380093224038292
42340	0.08762166427207871
42350	0.1488483190224521
42360	0.10011908218370263
42370	0.125645583652815
42380	0.08485000200191369
42390	0.0940620093108152
42400	0.080330808313832
42410	0.0950586321683458
42420	0.09748059411926173
42430	0.08533343477119802
42440	0.09982341907407563
42450	0.10086558734665946
42460	0.10304632695110405
42470	0.0984609934447192
42480	0.08200394634602602
42490	0.11208556626958675
42500	0.12544022207433148
42510	0.10087363155367207
42520	0.1221491361208001
42530	0.10452078309515028
42540	0.11092296466488744
42550	0.21359815353659958
42560	0.16341152786266347
42570	0.15897071999422996
42580	0.17702984726048565
42590	0.12681866049625728
42600	0.12077700304907331
42610	0.13065598651749202
42620	0.10333650225274184
42630	0.1279020372751852
42640	0.11604491335440592
42650	0.06198478103194656
42660	0.142451946930333
42670	0.26044153372854284
42680	0.16478516626554032
42690	0.20846373328696993
42700	0.1461795996022009
42710	0.14167748228309163
42720	0.1867718950690579
42730	0.12273051945077285
42740	0.12497369183199998
42750	0.20362515053878197
42760	0.13711575488867273
42770	0.14916887435959908
42780	0.09426862445753076
42790	0.09732164226789773
42800	0.09214560252096565
42810	0.09123202222343468
42820	0.07279944374236713
42830	0.08848015543580375
42840	0.06756306188501368
42850	0.09818544519099667
42860	0.12096342141003735
42870	0.15634257523540887
42880	0.15718887393441627
42890	0.11183960386137787
42900	0.09790042605125997
42910	0.11632191793605962
42920	0.10255860210347174
42930	0.08009530419145887
42940	0.13537626594015967
42950	0.08727092355794817
42960	0.0582400578767528
42970	0.07467765758228055
42980	0.08948542308452816
42990	0.10072553982384251
43000	0.07695728050629312
43010	0.11474801453972525
43020	0.1337424688919129
43030	0.08593011094729008
43040	0.08731449533488742
43050	0.10123039561281537
43060	0.10425640739937529
43070	0.10161223349214635
43080	0.12459611014327716
43090	0.10897102718897428
43100	0.11256288796855271
43110	0.11040915013142628
43120	0.07260233845327123
43130	0.09678462053375486
43140	0.09058915302435833
43150	0.126294614036013
43160	0.13490551391899774
43170	0.13377597478559403
43180	0.11355178312943506
43190	0.14333509379320825
43200	0.13287185093073692
43210	0.16102680329406655
43220	0.10378849181163528
43230	0.11361560873305829
43240	0.09856881439230948
43250	0.08855613600915091
43260	0.13700186852316934
43270	0.10941462814308184
43280	0.09200695200569677
43290	0.122045766519008
43300	0.12968183036673123
43310	0.13921439898210872
43320	0.11276840550336972
43330	0.12789074403688563
43340	0.11238730617920235
43350	0.16705513213685974
43360	0.1465005644556422
43370	0.09673114477651795
43380	0.07196468963215022
43390	0.10462366067322196
43400	0.11626096705854366
43410	0.14488855919494484
43420	0.17916277826164118
43430	0.23702223121119018
43440	0.1581006883763027
43450	0.1482639819630717
43460	0.16053550003688263
43470	0.12641313851076752
43480	0.16239768619597011
43490	0.13762026324376717
43500	0.12517235506687072
43510	0.18801052250705913
43520	0.3095067798110294
43530	0.2155527423176669
43540	0.14079336566088677
43550	0.13806372298242994
43560	0.12168320643577561
43570	0.1750565270941029
43580	0.2722714024967939
43590	0.13304328103156116
43600	0.16955437599621384
43610	0.23341538411750226
43620	0.1708869102247241
43630	0.47302239635305815
43640	0.16575983863681917
43650	0.18279174557743677
43660	0.11785511548662247
43670	0.1488627200014555
43680	0.1869623900240354
43690	0.16157194807422506
43700	0.17400927953676962
43710	0.18010059014264498
43720	0.1753806072972445
43730	0.18397683524477548
43740	0.13677472371468666
43750	0.09538330410957288
43760	0.09872145949457269
43770	0.09544168853762874
43780	0.09954748727451554
43790	0.12917565458599853
43800	0.14185327071798845
43810	0.12027925760489266
43820	0.11255222971405059
43830	0.12595620889367595
43840	0.17226345574396365
43850	0.1095409730531399
43860	0.179498667455171
43870	0.10201899981140694
43880	0.11445961638334763
43890	0.09333102819643946
43900	0.16462715079064574
43910	0.1841842796899609
43920	0.09030521442532068
43930	0.08773091231216758
43940	0.11563887688259866
43950	0.10785926960162846
43960	0.1524420167168442
43970	0.12167864824725033
43980	0.11925433032274631
43990	0.10994175058988154
44000	0.10043340890430794
44010	0.08380003188673682
44020	0.09857312455784802
44030	0.09548472738600879
44040	0.10269181303951629
44050	0.11463565327995327
44060	0.12877273226479524
44070	0.10728783653957505
44080	0.12461984472054428
44090	0.18171978829461558
44100	0.10418657335561905
44110	0.1106010821131098
44120	0.08467517422021067
44130	0.09833240244374426
44140	0.1058825573310558
44150	0.0980701869743139
44160	0.09134572161338368
44170	0.12137422396479396
44180	0.12024440690095228
44190	0.10016238134372872
44200	0.10964602138897332
44210	0.1337522731635758
44220	0.13017589698129828
44230	0.14020106664817775
44240	0.08238387417573707
44250	0.09347438285529401
44260	0.11893437942528114
44270	0.0905733668260794
44280	0.12183838243198263
44290	0.0816002352784521
44300	0.12059715459310415
44310	0.10297365160836568
44320	0.0767185554165008
44330	0.07769758531747313
44340	0.08177048578940758
44350	0.12581709102882171
44360	0.0892556466710084
44370	0.13485111546516296
44380	0.2761734419284977
44390	0.16823422831136886
44400	0.13935407580458106
44410	0.11346441443640337
44420	0.1330140119140501
44430	0.39129234922715017
44440	0.1122912719791583
44450	0.1307958458812512
44460	0.12182015106325068
44470	0.13920725066501993
44480	0.0954247618984718
44490	0.10771550501138472
44500	0.094700979468588
44510	0.09447716344839613
44520	0.14720723345212858
44530	0.1995061205472051
44540	0.12113138507767414
44550	0.09936150812883213
44560	0.10973115419838511
44570	0.14257417763444985
44580	0.07910982976761784
44590	0.1429501481401948
44600	0.08628594250394966
44610	0.11528117259877632
44620	0.08585503015537645
44630	0.09510935333735664
44640	0.21733324626019976
44650	0.181862379421718
44660	0.0748303926356311
44670	0.10580123462619573
44680	0.1179958153937486
44690	0.10963070959335997
44700	0.0580970209428379
44710	0.08236834536626324
44720	0.10070439299631538
44730	0.09359944059037237
44740	0.11216591889476689
44750	0.1154067925571342
44760	0.13422054560822447
44770	0.0968251766138095
44780	0.11058903324511815
44790	0.14624965337474208
44800	0.09563633467784971
44810	0.20858746890903837
44820	0.16350747041577363
44830	0.18475989839377072
44840	0.0898141364002047
44850	0.07597962126231789
44860	0.11304345228021526
44870	0.1425884361085319
44880	0.1048526360990226
44890	0.0736383038900888
44900	0.10166012988872669
44910	0.08743305237959806
44920	0.07376741741886204
44930	0.09557497994995914
44940	0.12168056925306557
44950	0.09785400927888166
44960	0.12004315249823037
44970	0.07824094737055201
44980	0.10428808840849702
44990	0.13510012313734107
45000	0.16318762218924268