7990	16.96194142635888
8000	16.87159569686395
8010	16.792839857688318
8020	16.734114975348014
8030	16.507579338415123
8040	16.37790184045443
8050	16.374485273902394
8060	16.27722882677162
8070	16.24701179362646
8080	16.223848283420512
8090	16.40922908526845
8100	16.0328664085994
8110	16.069928625086696
8120	15.760685629783039
8130	15.921878950641139
8140	15.71566475410598
8150	15.723444764321375
8160	15.858004877119786
8170	15.674739552412396
8180	15.7266860834345
8190	15.8640948976648
8200	15.811826367458652
8210	15.549766227465708
8220	15.32250990976391
8230	15.256731493203484
8240	15.309855997397719
8250	15.504039051344247
8260	15.86111978004453
8270	15.439010205062564
8280	15.192733879458325
8290	15.656130470555134
8300	15.153249936361775
8310	15.086706116755904
8320	14.824085851512818
8330	14.736397467041638
8340	14.788256470199942
8350	14.603788775824638
8360	14.845834582314824
8370	14.3880978429652
8380	14.424100331614579
8390	15.145102125237985
8400	15.000302623192221
8410	14.562747119842284
8420	14.799923751843162
8430	14.163609459341025
8440	14.094428734512618
8450	14.03575085249285
8460	13.869147752974659
8470	13.803164050961705
8480	13.934222740442944
8490	13.896750164456888
8500	14.171472702896537
8510	14.067072797433722
8520	13.693550037340964
8530	13.74937697336915
8540	13.622445470619846
8550	13.656665103076987
8560	13.692847177262557
8570	13.53538139450894
8580	13.313753917781478
8590	13.37261044396957
8600	13.165090907276072
8610	13.095369115331941
8620	13.404289348061198
8630	13.41924412911606
8640	13.478314646325417
8650	13.134628117385654
8660	13.072727420879474
8670	13.16654447726461
8680	13.009378184800592
8690	13.260939945590335
8700	13.022253521756827
8710	12.86219295717923
8720	12.726717351431025
8730	12.869152460489362
8740	12.574948342088723
8750	12.761112699816186
8760	12.529851309007368
8770	12.496251912891285
8780	12.456239344976996
8790	12.442546082249217
8800	12.601559406661972
8810	12.534474818403858
8820	13.263678580170449
8830	12.700939882687422
8840	12.536790597862526
8850	12.486495608872794
8860	12.377342810393294
8870	12.286544962644424
8880	12.149999030220123
8890	12.340039783557053
8900	12.449617471705587
8910	12.27912799710241
8920	12.368105564660496
8930	12.116059112930472
8940	12.09457602302873
8950	12.205461373429097
8960	12.369230228856779
8970	12.340451788781664
8980	12.26749487869587
8990	11.981013348999527
9000	12.113192111700107
9010	12.022190657387709
9020	11.99435389987299
9030	11.967245630650032
9040	12.038538728470602
9050	12.113966411264354
9060	12.266534524138189
9070	12.15334812493083
9080	12.125351353390151
9090	12.017525500239662
9100	12.163637763856471
9110	12.034439160099549
9120	12.33096307067146
9130	12.357380308914124
9140	12.394350465263528
9150	12.28734678854934
9160	11.770416780733887
9170	11.653000869308642
9180	11.745816042897754
9190	11.512704030267669
9200	11.59504586705503
9210	11.60297291473813
9220	11.887305879406302
9230	11.755381216693843
9240	11.624612230573721
9250	11.622249984027317
9260	11.520868798898228
9270	11.461739120461447
9280	11.317808927918867
9290	11.06459511159613
9300	11.0501908702705
9310	10.934143615801961
9320	10.453024447538406
9330	10.335137263859053
9340	10.240058291151175
9350	9.962768007315235
9360	9.328115138600733
9370	9.07056906789329
9380	8.609299333267021
9390	8.327739153597152
9400	8.001038167026481
9410	7.563945547374474
9420	7.440595626663115
9430	6.950638363639098
9440	6.732613383275417
9450	6.808706976508198
9460	6.9598949024033745
9470	6.534785186612116
9480	6.9159280600120825
9490	6.5726341327583695
9500	6.402811836864634
9510	6.4977078149515926
9520	6.6196325272638
9530	6.79877001320276
9540	6.907196509058255
9550	6.5393023199055005
9560	6.938837024190504
9570	6.949999926924169
9580	7.089831867828544
9590	7.37906611362025
9600	6.9503002291854985
9610	6.982246897878799
9620	7.268242352134085
9630	7.125670239750901
9640	7.052219625416179
9650	7.228496478577272
9660	7.2390602113621965
9670	7.3542904793137795
9680	7.488048646581467
9690	8.024268059283125
9700	8.135472699377669
9710	7.659866494461584
9720	7.349028949271425
9730	7.747708609941911
9740	7.872939381800154
9750	7.788972748165428
9760	7.810814283488859
9770	7.7292444692963365
9780	7.917641577150768
9790	7.965841145171606
9800	7.998017416428298
9810	8.7132070052633
9820	8.594564380407235
9830	8.805792456868259
9840	8.938851631514009
9850	9.143772131391572
9860	9.169983126972541
9870	9.765917424917596
9880	10.15723084430601
9890	10.79604136479905
9900	10.163746113690289
9910	9.863498666092381
9920	10.392165986342912
9930	9.89262222640935
9940	10.176701425530728
9950	10.372956042228413
9960	10.37354236560484
9970	10.320206558584813
9980	10.79415778347944
9990	10.946804285566976
10000	11.294561163116466
10010	12.278801040018978
10020	12.68586063832263
10030	12.08970701198076
10040	12.305329892077168
10050	12.991777680040581
10060	13.524092393073357
10070	13.796501229921642
10080	14.425912317800762
10090	14.402100763306816
10100	14.353776550529531
10110	14.859078545509993
10120	14.767164137055113
10130	15.486877068250106
10140	15.967645722469682
10150	15.991525708685845
10160	16.578158954850405
10170	17.496850687121213
10180	17.7007011972206
10190	18.015885044540365
10200	18.25070395160419
10210	18.24989597757027
10220	19.595945163283165
10230	19.28696042874345
10240	20.10792709098978
10250	21.241813638352564
10260	21.658930947115405
10270	22.339284781062105
10280	22.210385782704805
10290	21.330257634715363
10300	23.04102564937557
10310	22.649428460428418
10320	22.51327671587884
10330	22.886574618850343
10340	23.282666548819424
10350	23.119069967286894
10360	24.309230835094176
10370	23.167430200301244
10380	22.634532620365196
10390	22.765666440084093
10400	23.623677544671356
10410	23.959276822984414
10420	24.60704100963376
10430	24.689204685581267
10440	24.68416309178261
10450	25.493600145031955
10460	26.05669348730198
10470	27.213304677454786
10480	27.02125667692421
10490	28.25428743609866
10500	29.903807688091366
10510	32.05986351986622
10520	32.112870697608294
10530	32.23057368835293
10540	32.3163738136545
10550	34.44646884220951
10560	35.62856550066096
10570	35.02381929830211
10580	37.825881471369065
10590	38.117181627031975
10600	37.64473209898168
10610	36.327843340056155
10620	37.92190153660864
10630	36.44899416624839
10640	36.863421438816346
10650	34.89275343438259
10660	36.69260334969848
10670	39.35743860686047
10680	41.09718342141753
10690	39.97676121491228
10700	42.33286242584727
10710	42.96726672395882
10720	44.53865099733692
10730	45.86522309150126
10740	47.27885883458675
10750	51.12597056993992
10760	53.47887434678124
10770	58.229012228980274
10780	57.68609832914548
10790	59.50112457932065
10800	57.85166297169946
10810	59.646785619010814
10820	60.494569929381704
10830	61.81328862677172
10840	61.41138412646639
10850	65.85560123576909
10860	65.71629922953058
10870	67.09043805901743
10880	72.3131919708571
10890	73.01133177525752
10900	77.2846004618918
10910	82.83103433645431
10920	83.20654778720285
10930	81.81334085564211
10940	81.38569862150531
10950	87.26251269264165
10960	91.39018738577424
10970	90.54939933334965
10980	97.44434924788159
10990	103.25252136657818
11000	106.24126049561092
11010	112.52010007170016
11020	114.4334437785173
11030	117.4132168174549
11040	128.96253024423208
11050	130.86349420955045
11060	134.72730135419238
11070	137.47911767685233
11080	145.26883573701045
11090	145.95120287472548
11100	157.79862149611887
11110	165.50290340569788
11120	171.7405920418347
11130	189.7493147849199
11140	200.11453559766633
11150	220.98576213698792
11160	233.44412078438435
11170	230.95973999969405
11180	232.20093224420788
11190	233.63953743955534
11200	236.1683402023588
11210	229.07532251859467
11220	225.97103475969513
11230	239.17162851504483
11240	255.39605661691562
11250	269.82057786586927
11260	309.4052103869126
11270	372.68706047518987
11280	460.344638322511
11290	632.8515302468217
11300	805.7899287483339
11310	1070.6954047642275
11320	1317.0473929396699
11330	1573.4246478789096
11340	1777.9697571479712
11350	1986.6727863790645
11360	2130.8280783908604
11370	2214.491711213978
11380	2325.654727610257
11390	2354.942782409504
11400	2359.1165047034883
11410	2353.727951258
11420	2305.2454224644716
11430	2231.5939944482025
11440	2150.5103229550946
11450	2020.104895451904
11460	1932.5158109061726
11470	1878.8275849012382
11480	1849.4488857723697
11490	1796.5164061062424
11500	1748.8238900405206
11510	1712.0333936002573
11520	1682.2120380168035
11530	1628.862569803426
11540	1534.669116688137
11550	1506.9228323524444
11560	1454.522008577359
11570	1410.8425245910435
11580	1374.481198025882
11590	1364.0778848769914
11600	1332.677699053566
11610	1287.145209377042
11620	1289.5886355678574
11630	1265.477624823823
11640	1263.8762136968996
11650	1242.6616101513835
11660	1219.913143971078
11670	1185.7105665724966
11680	1178.4168841066712
11690	1140.5606319035328
11700	1115.119416928898
11710	1098.798418301189
11720	1091.3805622181321
11730	1068.1075910214206
11740	1053.460488369081
11750	1045.3686182959038
11760	1027.276849500921
11770	1030.0499682620848
11780	1016.4512976226569
11790	986.0208678262093
11800	986.5274741546818
11810	977.6344173353406
11820	960.6594700556196
11830	957.5162455755744
11840	940.4892294338003
11850	933.0369367920504
11860	929.5902851242824
11870	932.4383040883756
11880	919.4020893133523
11890	913.991823285006
11900	898.378091883974
11910	888.9249387735549
11920	878.443226401204
11930	876.9564232654654
11940	870.8615046087508
11950	866.5505606038124
11960	859.2524965797348
11970	855.5053838849399
11980	853.6208266567121
11990	841.2398580916393
12000	829.0249371754722
12010	821.1979640073731
12020	818.5481817183023
12030	811.8075441766715
12040	809.4026745871972
12050	809.8205862610621
12060	803.957190127447
12070	799.861665343962
12080	789.7556721814335
12090	786.9953385065918
12100	785.6649330937181
12110	775.6195261505853
12120	774.8803195944901
12130	778.5650470425112
12140	776.6608011256365
12150	773.894070549153
12160	769.4739106336121
12170	765.3798108874706
12180	761.9417984427175
12190	760.8215779678915
12200	765.6612211830995
12210	761.2727411340817
12220	751.522172287623
12230	750.0492322289801
12240	747.2083582138345
12250	746.3917562233544
12260	744.4117589816783
12270	745.6876406285634
12280	741.0211650353666
12290	741.0013500238975
12300	738.3314916045005
12310	737.0378957354116
12320	727.2649750649969
12330	732.1466070853542
12340	729.5186156824872
12350	730.5473777685304
12360	737.2357475605007
12370	731.1240094857709
12380	730.9882463007073
12390	720.7978123348852
12400	717.6048266884836
12410	716.4602687368529
12420	709.6504451318349
12430	704.6399205325861
12440	709.1374841125837
12450	705.3404483975165
12460	707.5334300173607
12470	701.2600160360499
12480	702.6347487134259
12490	694.1861267580093
12500	696.2483883330731
12510	692.5316977413252
12520	690.7741788351482
12530	692.072059444643
12540	691.6854640007848
12550	695.2699245002407
12560	689.7358008114286
12570	694.2013382351973
12580	690.9909884449339
12590	684.6129225541147
12600	680.5564880848004
12610	680.439210008224
12620	677.884843063866
12630	675.3907713893465
12640	671.367522339668
12650	669.4076615644102
12660	669.455753687702
12670	664.6534074850546
12680	662.59206386699
12690	661.1652830714349
12700	664.9745174975778
12710	655.4123440768989
12720	654.4513795671991
12730	648.8225218005387
12740	644.6511176254713
12750	643.9233362099545
12760	640.5781399529994
12770	639.5381577969268
12780	638.2350852845684
12790	640.2330234607156
12800	638.2808794776644
12810	638.3848540179731
12820	632.0582165461042
12830	630.9834916641076
12840	630.9278969159077
12850	630.3110626191434
12860	627.7141166450588
12870	623.9474642914173
12880	629.8970134761367
12890	626.3595051658377
12900	618.9772178412484
12910	619.829002004708
12920	612.552241300924
12930	613.8947463967731
12940	617.0960891910066
12950	613.6180709022342
12960	614.0708506692475
12970	611.1456865952167
12980	607.1483106299072
12990	603.0710489923761
13000	605.2320153042174
13010	607.3962037883103
13020	604.6755582381778
13030	599.1397456394324
13040	596.716470315704
13050	598.3905752071463
13060	598.5009641736757
13070	591.443185991152
13080	592.1808770438071
13090	589.0484896266645
13100	589.9549165574208
13110	585.4249643203509
13120	585.8816460430652
13130	581.6237372877623
13140	584.3577482881766
13150	580.5500159345156
13160	583.714234480464
13170	581.6780056794953
13180	581.1039447872971
13190	574.0823289870141
13200	574.9478403507035
13210	574.6280891390389
13220	572.2356998734213
13230	577.9921354113034
13240	575.9727689067172
13250	571.0573839552749
13260	576.1536777677992
13270	575.2744420098987
13280	574.5226010606269
13290	571.804087377515
13300	565.9574069407665
13310	566.0956369482155
13320	572.1588449116337
13330	569.5317757259448
13340	562.3252494721254
13350	557.7903823292958
13360	557.9659425705852
13370	555.370983107188
13380	559.3326714764005
13390	550.9080519206912
13400	550.5790912120273
13410	554.0386713187297
13420	557.7513751919853
13430	552.8537333687532
13440	554.4483655640222
13450	553.6997582372121
13460	548.9544606559303
13470	554.454455623067
13480	546.7212059499525
13490	543.8849312492575
13500	544.1351612605639
13510	540.4648456532738
13520	535.6063662444127
13530	528.4334458135125
13540	527.5134533872533
13550	527.7719500265299
13560	528.4831780282045
13570	530.4559696284219
13580	524.4972846026035
13590	518.981865875961
13600	515.6531384818512
13610	517.7356884952324
13620	521.2454094990625
13630	520.0673940985324
13640	523.1536002070444
13650	516.5992657647115
13660	510.52623605668845
13670	513.3756754128108
13680	509.85300266941636
13690	511.26294001735516
13700	514.7110598361219
13710	514.2992445360101
13720	510.0885900263079
13730	505.296030936955
13740	504.9248035950457
13750	505.50674693241274
13760	505.634667448857
13770	503.92119012250214
13780	505.5900900766487
13790	504.3519611409465
13800	501.89147478997006
13810	504.1872999286991
13820	506.21855514789587
13830	502.11175742146327
13840	499.95562656361636
13850	502.24742659129987
13860	499.78818317610717
13870	499.8202846097516
13880	499.43390684753905
13890	497.0849601522091
13900	496.43636243212967
13910	499.09468058433106
13920	498.4054101424817
13930	500.7824954214816
13940	497.30395850504016
13950	493.84116051235765
13960	492.9022619279368
13970	487.2118414263516
13980	491.35737851952575
13990	493.15323999008433
14000	491.13212897010976
14010	491.05210519827233
14020	494.2463039144153
14030	494.18364551791717
14040	494.309896269415
14050	486.1021629995666
14060	490.72484349840715
14070	489.65476166969916
14080	486.5092880177058
14090	486.060292294626
14100	486.27484311497767
14110	485.07126453420335
14120	480.8169133675511
14130	479.22079751857734
14140	476.92924777674574
14150	480.55990736839067
14160	479.51385098385725
14170	479.1631966025037
14180	476.6102766626687
14190	477.8618061213856
14200	473.8514276167179
14210	468.2472726064364
14220	468.2915165488068
14230	466.0366800734431
14240	470.599404115375
14250	469.41816919916687
14260	468.4955889025473
14270	469.5287718464111
14280	466.4476856591579
14290	465.2603626694571
14300	463.18438417703345
14310	460.14321062074475
14320	457.8716863381158
14330	455.9507154413549
14340	454.88232499934253
14350	454.2516082734302
14360	455.79412260733255
14370	452.55503273038715
14380	451.9237706755272
14390	451.2659287257782
14400	451.3624426715501
14410	450.0872022569959
14420	448.8452705331573
14430	447.266211519728
14440	444.1047979237378
14450	443.7605597779172
14460	445.2212600364786
14470	445.77972388455083
14480	446.55658388678773
14490	448.5282057110674
14500	442.9689138782655
14510	441.52213727137416
14520	436.4118995163562
14530	430.25036889953645
14540	428.6752791976863
14550	427.8244992767148
14560	425.5626654526749
14570	422.08410415322913
14580	425.8014804231734
14590	421.8114250992722
14600	420.0838774531104
14610	419.9907465076841
14620	419.43890813608226
14630	416.7633850590659
14640	420.01842903828395
14650	418.1954969021677
14660	418.35071928141
14670	417.39532437242406
14680	416.712618745891
14690	419.43144463170967
14700	416.2009046125238
14710	417.6208665204959
14720	412.02747391265234
14730	409.54297289146666
14740	410.84692505578835
14750	403.4142670800954
14760	404.03461409409783
14770	404.7536863045671
14780	403.72884636724103
14790	403.03923067964524
14800	401.61467464839075
14810	402.40100765469185
14820	398.5810438092849
14830	397.24526902886583
14840	397.4125707225666
14850	395.10734785312167
14860	396.3811334310801
14870	393.7846902010885
14880	391.853554610789
14890	390.5175054869529
14900	387.90679643531547
14910	387.9496717933221
14920	386.50803192560176
14930	384.558463564759
14940	383.5752803184457
14950	382.355130450735
14960	382.4754925848606
14970	378.8377963477989
14980	376.6475168762307
14990	375.3998307899778
15000	371.5811883875801
15010	369.51285441015807
15020	370.5569950708955
15030	370.16348655545374
15040	370.78058308117215
15050	367.9792341424395
15060	366.67403374233277
15070	364.5616412123816
15080	365.2251704361144
15090	367.55389538489476
15100	367.36942563210124
15110	365.2844015553485
15120	360.80755755228193
15130	359.92966032786353
15140	355.7872774403077
15150	355.9466135968949
15160	357.61219293106814
15170	356.5787731951778
15180	355.69759803241834
15190	351.2922981915713
15200	350.8305253555275
15210	348.8534496217884
15220	346.9179011903631
15230	347.75802097716206
15240	345.6692603162261
15250	344.22402965918263
15260	344.95761103938514
15270	343.9440244169269
15280	342.3808202259848
15290	339.0016075713417
15300	338.38470567426316
15310	337.46576470092117
15320	335.38909072142263
15330	333.3487032007428
15340	334.43774947245157
15350	331.3428011599253
15360	333.1725555493983
15370	329.67935198898783
15380	327.54571020806236
15390	328.43500425428914
15400	329.74168322081783
15410	324.13674811435646
15420	322.99887821917747
15430	320.6438779809491
15440	319.7671899301566
15450	319.35671057447485
15460	316.3047818487349
15470	316.7460788694494
15480	316.31576902579155
15490	318.73162566551065
15500	318.42086294741597
15510	315.8231992787258
15520	313.0445617479501
15530	314.77572736953044
15540	313.4087394656326
15550	312.23110323872334
15560	310.698059622188
15570	310.09476276949454
15580	308.56302392265496
15590	306.8475618300315
15600	306.6068359149079
15610	305.98833384866185
15620	305.7211384026682
15630	303.5410425032022
15640	300.6350714853603
15650	299.44833646810423
15660	297.3180080387086
15670	297.720308834064
15680	301.0275737707048
15690	299.50705471111337
15700	299.167170368406
15710	299.4990473383601
15720	299.1778149867423
15730	301.877422124162
15740	298.499819350501
15750	298.3600070871045
15760	297.03747872552185
15770	295.2392027862988
15780	292.881403785794
15790	290.64093627284836
15800	291.1408489867162
15810	289.3391234851496
15820	288.0842619465914
15830	287.29653502726217
15840	284.0004453579093
15850	283.73341770746174
15860	279.74993794752703
15870	281.38757341262743
15880	282.01973937295367
15890	282.15682837649763
15900	278.65746861297987
15910	280.0495775182534
15920	279.84955210596
15930	280.1907085428842
15940	279.5967763080184
15950	277.3624599565806
15960	276.92586364213537
15970	277.0394656926855
15980	276.3655502014383
15990	274.7621683781948
16000	273.1471762295847
16010	271.85268147863786
16020	274.59351370012655
16030	275.66039654144333
16040	274.6167783102056
16050	270.2281657767639
16060	270.79378939931007
16070	271.05105875756857
16080	269.33001917141013
16090	267.3398403327612
16100	268.209260953494
16110	267.1693124585537
16120	268.1636491031264
16130	269.2048765297951
16140	266.4900976298006
16150	263.6872647353622
16160	261.7320167213507
16170	262.39568419207427
16180	261.5557636101581
16190	260.2103469500958
16200	258.93157701483506
16210	257.8513027868291
16220	256.02850556641135
16230	255.8770779017906
16240	255.51716404155547
16250	255.85858194857383
16260	256.6136466345953
16270	254.12446739758673
16280	255.4994342953975
16290	255.26352909350715
16300	254.0046027070909
16310	252.7856082368442
16320	250.75475292078085
16330	249.54741170537912
16340	247.3888254010119
16350	249.52248415958627
16360	248.13506958819843
16370	246.85346131825455
16380	244.88002859858733
16390	246.88760878785445
16400	243.7820229587281
16410	243.14625271215624
16420	241.94104455218533
16430	238.90519582734387
16440	238.87919799658425
16450	236.61021095749382
16460	235.89027998587994
16470	236.2861803921866
16480	234.03754121818798
16490	231.48249057131224
16500	229.86863155364176
16510	227.80903353227197
16520	227.76491218185697
16530	227.03282298190965
16540	226.93218484261493
16550	226.18210740248793
16560	224.97233539620697
16570	223.56833844248789
16580	223.68824076865522
16590	223.84758576707927
16600	222.8993664856786
16610	223.06499862644543
16620	223.84337688555766
16630	224.02427467472856
16640	221.53187033148583
16650	220.9001059304806
16660	220.08503513741258
16670	219.58628108662245
16680	216.70362398811142
16690	216.66347332162402
16700	216.64566234327026
16710	214.51608682484428
16720	213.7725494767585
16730	213.9407633870139
16740	212.47623994692577
16750	211.57079691210348
16760	211.61744256833848
16770	211.82153962321485
16780	212.83927384793944
16790	210.56486356066733
16800	208.80300233319488
16810	209.88685613444187
16820	207.47877621503525
16830	206.9992077949063
16840	205.22816238252932
16850	205.2743110535499
16860	205.14954093076804
16870	202.24002197244883
16880	202.1124415695193
16890	201.30301525083112
16900	203.43029902244248
16910	202.08599282442404
16920	200.649825229167
16930	201.96490119811892
16940	200.22197119966364
16950	200.08197361454873
16960	199.59517143612135
16970	199.14791974928988
16980	198.71799710460851
16990	199.5376894439874
17000	197.54038609197733
17010	197.5972345692326
17020	195.39209915696256
17030	194.78819613220105
17040	194.73879311910676
17050	194.20942256486387
17060	193.11937026573898
17070	192.2122900939723
17080	191.80885550877244
17090	191.63839581242857
17100	189.41838243716057
17110	188.86938945721622
17120	187.63717849821535
17130	186.69514783044778
17140	187.04579749098627
17150	189.04036272234524
17160	187.99509524088415
17170	188.168464126786
17180	186.42199983471818
17190	185.8158982167965
17200	185.25327420239975
17210	186.9015484123789
17220	184.63221080255087
17230	182.73886520236968
17240	181.40942593044556
17250	180.46679521363987
17260	181.50554723165507
17270	180.46424507671472
17280	180.67588456989628
17290	179.81230527702752
17300	178.9886032921758
17310	178.80562258219607
17320	179.43537697370996
17330	180.43742518603008
17340	178.67908015398655
17350	177.43482779330657
17360	175.21979267959262
17370	174.1394977194059
17380	175.6921650812243
17390	173.61305868661879
17400	172.71868338521716
17410	170.1081408899763
17420	168.8766015403279
17430	168.37511758897637
17440	166.15218371130976
17450	165.768043330062
17460	165.57797925851222
17470	164.17675683131304
17480	163.38598444618526
17490	164.02046868210297
17500	161.669169419656
17510	161.31606600834098
17520	160.8385385733442
17530	160.81451354034482
17540	161.44722597771934
17550	161.86531914360347
17560	161.87483750204856
17570	162.18353534346707
17580	160.22053921527655
17590	159.29541190312062
17600	158.2526560728205
17610	158.90789648104618
17620	156.13222109744075
17630	156.7739332331177
17640	155.70312306148506
17650	155.06592634071205
17660	154.04448008552293
17670	153.40679273234923
17680	152.68508435763655
17690	152.59389834332617
17700	150.8188341268478
17710	149.99117399727837
17720	151.27050182058488
17730	150.23913924890502
17740	150.63115374125888
17750	151.62947973191697
17760	149.03474954109825
17770	148.19021086897797
17780	146.6712846455495
17790	145.53359527635632
17800	144.40958723906135
17810	144.0621959897422
17820	143.8016805921878
17830	143.78544441633662
17840	145.4799840585248
17850	143.67807390936
17860	143.00841540546944
17870	142.18721754127577
17880	142.54054299513066
17890	140.99982956984155
17900	140.5771617540931
17910	140.90993947359124
17920	139.26954852069284
17930	139.68851853771358
17940	138.47217327002764
17950	136.7895202260438
17960	136.93305562042136
17970	136.93841150194066
17980	134.90278177205565
17990	134.00837396011462
18000	134.0876068587981
18010	134.20615063260723
18020	134.11055223239327
18030	133.25126374627158
18040	133.52873242111022
18050	133.59563792239115
18060	133.86846257980358
18070	132.9063742922708
18080	132.09059501527747
18090	131.58229809242542
18100	130.21605342935032
18110	129.87894228225036
18120	129.31955632797047
18130	128.3151493352707
18140	127.81135467924484
18150	127.54339311521285
18160	127.66098917953438
18170	127.44695189047034
18180	126.72905645237036
18190	126.71699520905254
18200	126.5437045113777
18210	126.43615809418195
18220	126.15134944695902
18230	126.56715817781065
18240	124.85261764771946
18250	125.49172972869972
18260	123.81173863378145
18270	124.01670542093865
18280	123.42014762873475
18290	122.95559889520179
18300	122.64229713996666
18310	122.3070755739861
18320	121.17528472165894
18330	121.25741013416135
18340	120.32965583869786
18350	120.60168956574775
18360	120.02084173831749
18370	119.99418897702057
18380	119.26680885699538
18390	117.87814992394813
18400	118.83036812663916
18410	117.33158608493453
18420	116.47226311133146
18430	116.11043813090072
18440	115.92662599673851
18450	116.02826700302967
18460	116.25772372789382
18470	115.51256796475808
18480	115.76497400261336
18490	116.35234107993053
18500	117.00248333466307
18510	115.84808208213025
18520	114.26900348130144
18530	115.14710305997541
18540	113.01795008797188
18550	113.71181854691535
18560	111.78330457954823
18570	110.40926176152949
18580	109.5018296532979
18590	109.94889372253157
18600	110.09905253321106
18610	109.30704436279095
18620	108.9663911849116
18630	109.38130749430027
18640	109.57752004279425
18650	109.10909384632407
18660	108.33225145528367
18670	108.21419437007472
18680	107.82572376385555
18690	107.84814255841086
18700	107.86154189400666
18710	107.81372362563305
18720	106.69902875015121
18730	106.01194786602733
18740	106.26785660897181
18750	106.48695422059195
18760	105.68646048040941
18770	105.4742074398561
18780	105.25426936662599
18790	104.51891363372337
18800	105.42730963049581
18810	104.8424100281353
18820	104.01107295620771
18830	102.97778382949447
18840	102.6559149087535
18850	102.86918340032666
18860	102.67824716457866
18870	101.64651978225255
18880	101.31025282259392
18890	102.26884987544484
18900	102.14552080000091
18910	100.47604183658022
18920	99.98337942863185
18930	99.81393203085011
18940	99.00757050145324
18950	98.94806250872021
18960	99.43039946713078
18970	98.83757096984385
18980	97.84503180983585
18990	96.81499088079396
19000	96.78707845158404
19010	96.53026330793499
19020	96.48734354178377
19030	96.45112431737218
19040	95.400856137531
19050	94.5202062106728
19060	94.33189041139126
19070	94.36738421214842
19080	94.36037981366488
19090	93.44140277894299
19100	92.62574657457458
19110	91.7620566556463
19120	90.77583464408177
19130	90.72870798513618
19140	91.61211795645947
19150	91.73246903816745
19160	91.7544621487374
19170	91.10504937916323
19180	90.541463796026
19190	90.1993108959225
19200	89.73479376404795
19210	90.1276785585197
19220	90.83461741932499
19230	91.25158965757937
19240	89.97289887477183
19250	88.92340980854357
19260	88.32607622836935
19270	87.90368429155065
19280	88.46195256570294
19290	88.36412168430097
19300	87.26522376138456
19310	87.41324924867305
19320	86.11133333510925
19330	85.89624273218273
19340	85.61799031182098
19350	85.58952183066528
19360	85.03908620822995
19370	85.72314204911399
19380	85.29254473437783
19390	84.59306619788089
19400	83.98154679797659
19410	83.82766463312264
19420	84.38552906896396
19430	84.2168298889859
19440	83.65290397337841
19450	83.92810577723796
19460	83.4930539854304
19470	81.92560127870972
19480	81.64103797955936
19490	81.6066363762901
19500	82.0692796833233
19510	82.10175074730539
19520	80.841574054712
19530	81.44958869334923
19540	80.14399253725212
19550	80.31602937167845
19560	81.01578995769214
19570	80.0400525644778
19580	79.42994347835995
19590	79.15431503077167
19600	78.96004204362515
19610	77.9948355049722
19620	77.60715527008149
19630	76.81450701108226
19640	77.06503551166652
19650	76.33928229819567
19660	76.02768927978477
19670	76.07162701604976
19680	75.94994090938425
19690	75.94386760986579
19700	75.2805931924736
19710	74.94186388287648
19720	75.6334578619127
19730	75.83595037481126
19740	75.1457150453727
19750	74.24245690577418
19760	73.29491292250745
19770	73.0734706127065
19780	73.2447779355384
19790	72.56745966511811
19800	71.93885259489917
19810	71.74901972337854
19820	71.72955830877484
19830	70.94981370443027
19840	70.25091945058374
19850	70.83403843680081
19860	70.49595462890885
19870	69.90153050374217
19880	70.2509752790057
19890	69.58796162186255
19900	69.06577582518312
19910	69.59011058205722
19920	70.03522545729194
19930	69.61856357873454
19940	69.1305513714251
19950	68.81095361716831
19960	68.32438684180723
19970	67.83558453224235
19980	67.25436886244688
19990	67.47529469253938
20000	67.4584404215433
20010	66.91113844030387
20020	66.21263919648409
20030	65.75118391767471
20040	65.42143398417645
20050	65.18302494650207
20060	65.6233173847157
20070	65.21030973163614
20080	64.65289167487802
20090	64.71838520137943
20100	63.9502522567841
20110	63.37115814741196
20120	62.808942878017305
20130	62.42843479896763
20140	62.69125449934823
20150	62.38138355797268
20160	62.159057380660045
20170	61.81302223764344
20180	61.866872889878806
20190	61.043100374910374
20200	61.42376409335339
20210	61.07549303416419
20220	60.279887775871394
20230	59.65816266512518
20240	59.226158450814026
20250	58.29279302072434
20260	58.54009253291548
20270	58.23703044812092
20280	58.57493223963421
20290	58.139113112225104
20300	58.44823353054032
20310	57.346712545124156
20320	57.34411745293419
20330	57.3628639192196
20340	56.24875461980846
20350	55.994106810229304
20360	55.564332177976375
20370	55.146600572487685
20380	54.744027159590985
20390	55.10979177287434
20400	55.03664104625859
20410	54.92321816912465
20420	54.62359804674251
20430	55.14540155047086
20440	54.5234350889648
20450	54.243616018298766
20460	54.30590328127375
20470	53.44966342802016
20480	53.33452180397132
20490	52.66149579580878
20500	52.78641660895734
20510	52.97021463918604
20520	52.39762545430443
20530	52.207284441979915
20540	51.70026101125736
20550	52.95855787719285
20560	51.99648452804292
20570	51.146837449350315
20580	50.803753723976946
20590	50.50105965435503
20600	50.62599719668817
20610	50.79861390520159
20620	50.648923795767224
20630	50.70689124904113
20640	50.09013799830876
20650	49.42693363240278
20660	49.137239846495135
20670	49.17861994548206
20680	48.86465349854397
20690	48.601805821322365
20700	48.610356448341356
20710	48.610008992552174
20720	48.65371649454654
20730	48.30229715863872
20740	48.31092645450012
20750	48.637526349786995
20760	48.51053583375407
20770	48.37293828127727
20780	47.614836645502514
20790	46.990697864447064
20800	46.78475306620881
20810	46.67598536094205
20820	46.88497897256375
20830	46.457249914895925
20840	46.63393309392247
20850	46.946852860091866
20860	46.44681254553079
20870	45.959042553925094
20880	46.03611066937268
20890	45.49042061511374
20900	45.58295335138752
20910	45.28413141738553
20920	45.168795292681466
20930	45.05943830201569
20940	44.43985436888626
20950	44.26743811000964
20960	44.02995310997593
20970	44.105217491177754
20980	44.55653608866865
20990	44.13920453684326
21000	44.49946715413773
21010	44.45152088655391
21020	44.16081849413224
21030	44.06731528199026
21040	43.331093908011034
21050	43.232543195904995
21060	42.53827995937866
21070	42.54401550294603
21080	42.50959905740076
21090	42.62439500241585
21100	42.54484760962108
21110	42.5030414032596
21120	42.252358504460766
21130	42.10469889680309
21140	42.1137466708704
21150	41.79961795876535
21160	41.46987469821029
21170	41.4956376119819
21180	41.59015829241977
21190	41.25392533783372
21200	41.24536121102457
21210	41.10167204192613
21220	41.14536775412302
21230	41.13433041118957
21240	41.079069507602696
21250	40.40121428710145
21260	40.47928388544346
21270	40.48557234006589
21280	39.79013978117028
21290	39.77414023991211
21300	39.41826486103196
21310	39.3953812798007
21320	39.276861029008074
21330	38.864084461983985
21340	38.86172325762898
21350	38.70975141115703
21360	38.59654215178731
21370	38.54353850316781
21380	38.707678565649054
21390	38.539495276975146
21400	38.541832165574704
21410	38.2900100402344
21420	38.20402752332607
21430	37.808568117534705
21440	37.23963222070518
21450	37.04144705472252
21460	37.22118875094757
21470	36.89129418627028
21480	36.63386026555895
21490	36.899883954903814
21500	36.76435521159493
21510	36.22895336296024
21520	35.940745318018955
21530	36.161564347584736
21540	35.553920505647014
21550	35.42691000047674
21560	35.19565884150355
21570	35.14881760392909
21580	34.998073839464574
21590	34.766119359284986
21600	34.684171513135894
21610	34.56702352764065
21620	34.49367635116287
21630	34.79163251786965
21640	34.60111412635129
21650	34.278820177030376
21660	34.097184815260334
21670	33.93435150175435
21680	33.8699188427389
21690	33.574602393990354
21700	33.7302657888272
21710	33.20188234564983
21720	33.17222775327803
21730	33.17789820046181
21740	33.200942374174026
21750	33.12661206065336
21760	33.12979800242135
21770	33.343931659327254
21780	33.12151478068692
21790	32.76262823198608
21800	32.42199568166491
21810	32.22061207320135
21820	32.37071599180709
21830	32.43000389091061
21840	32.43880460200975
21850	32.38662680778711
21860	32.150231065594525
21870	31.520410594316804
21880	31.554774891332627
21890	31.365251350443025
21900	31.5402249466181
21910	31.29156621854557
21920	30.901877773190844
21930	30.77378369812448
21940	30.58148865666667
21950	30.576226005427234
21960	30.72361572966338
21970	30.60286520881767
21980	30.32974123392179
21990	30.13791042575359
22000	30.16301800879612
22010	29.88965111434697
22020	29.78570249034301
22030	29.926561500837973
22040	29.817115343524492
22050	29.807667824017017
22060	29.90397612671198
22070	29.57652314640175
22080	29.514502853971948
22090	29.62166279292457
22100	29.330543444184666
22110	28.996597002488773
22120	28.8989669827278
22130	28.50026350839249
22140	28.21691520522966
22150	28.440807571835183
22160	28.11519179369475
22170	27.997449637269728
22180	27.804861918393915
22190	28.02340128371786
22200	27.571034587189104
22210	27.42807050620907
22220	27.404310775041445
22230	27.157367172245532
22240	27.47743949952417
22250	27.40509659652448
22260	27.29912081871275
22270	26.94280344774303
22280	26.839829076496446
22290	26.64993090965011
22300	26.56944648196377
22310	26.4447484014323
22320	26.225665843044826
22330	26.11239214546288
22340	25.997433447788204
22350	26.002682533021726
22360	26.03365759843754
22370	25.890910013807968
22380	25.690864287010097
22390	25.751494429844044
22400	25.959973201255725
22410	25.88882227501342
22420	25.74251082614135
22430	25.690356965955225
22440	25.319678970018412
22450	25.125475795926572
22460	25.008005182526077
22470	25.01490849565834
22480	24.810495182710973
22490	24.407810378629627
22500	24.3289222952453
22510	23.906079526132817
22520	23.90605961538416
22530	23.600590295357126
22540	23.77416443600496
22550	23.530986707499096
22560	23.288106444553136
22570	23.13896525627872
22580	23.155727085922788
22590	22.976767280073062
22600	23.167030347369575
22610	23.22624259366188
22620	23.05149941938284
22630	22.91998215092148
22640	22.98052491142081
22650	22.92170325644894
22660	22.95595799733615
22670	23.017722110327814
22680	23.177257027030407
22690	23.02217265050767
22700	22.890924919658325
22710	22.992655133984364
22720	22.971043269946982
22730	22.844657722331956
22740	22.888381002843765
22750	23.000151257395082
22760	22.9108223913221
22770	22.67190416479996
22780	22.405807896728405
22790	22.50769164263783
22800	22.255086642795487
22810	22.126937902069226
22820	22.1124082807775
22830	21.977980040715572
22840	21.99430469240548
22850	21.970849876088774
22860	21.758444533810312
22870	21.54514084258854
22880	21.28110797371222
22890	21.21713175721681
22900	21.354867076955266
22910	21.29908520045887
22920	21.36557641660573
22930	21.112458172553225
22940	21.07989832048255
22950	20.5982094468193
22960	20.53507940112385
22970	20.30355513994807
22980	20.172502114120952
22990	20.046195373787416
23000	19.90736345000759
23010	19.803936133905623
23020	19.867217571490947
23030	19.864804886347816
23040	19.713810725896447
23050	19.31703394363204
23060	19.3575389914218
23070	19.33943175177293
23080	19.27800392779151
23090	19.09583378867409
23100	18.882612644438083
23110	18.76152188681796
23120	18.828124437460847
23130	18.677244196906393
23140	18.772509111593617
23150	18.78816803984137
23160	18.457380281883065
23170	18.38226654532964
23180	18.348083383293297
23190	18.373783027677582
23200	18.09592642219363
23210	18.338160712203504
23220	17.936796546930218
23230	17.713353810132798
23240	17.812761430093033
23250	17.733191700300626
23260	17.659362207900163
23270	17.508494732929034
23280	17.44427996629199
23290	17.600874716645677
23300	17.51848534166811
23310	17.326011584794557
23320	17.26609676559853
23330	17.19915212918752
23340	17.195974108222803
23350	17.022817320536497
23360	16.875990008778768
23370	16.87296428963612
23380	16.71500786210906
23390	16.522048175777705
23400	16.50070363051208
23410	16.333519272653646
23420	16.301480649799124
23430	16.376551937158524
23440	16.394719936784895
23450	16.334136277733272
23460	16.16508211216082
23470	16.080687419446583
23480	16.181266832185184
23490	16.056359080287258
23500	16.102693998089755
23510	16.224995183577384
23520	15.932334071862103
23530	15.882540268261021
23540	15.873034949074151
23550	15.97125123708466
23560	15.6052461032894
23570	15.439232826899026
23580	15.38268270382811
23590	15.284037277106831
23600	15.211042168864441
23610	15.173973117894436
23620	15.155472132497682
23630	15.112070776802172
23640	15.291050341558638
23650	15.364630652056151
23660	15.279702286944103
23670	15.005830910091575
23680	14.849228961312763
23690	14.826241672424862
23700	14.714691292809652
23710	14.786878917719273
23720	14.597839894601718
23730	14.406377056575185
23740	14.49688374320515
23750	14.397500497336553
23760	14.314789482014532
23770	14.354958684984107
23780	14.223480302255712
23790	14.214527223270997
23800	14.045512013611898
23810	14.142750256974203
23820	13.941945438496953
23830	13.718737176829174
23840	13.588454787884697
23850	13.661046847038508
23860	13.760150856021838
23870	13.816321708559748
23880	13.857534285296614
23890	13.815459907394105
23900	13.637539180920738
23910	13.632560560182617
23920	13.40087493607874
23930	13.453490603386014
23940	13.71500921379635
23950	13.281773057960184
23960	12.911349464926433
23970	12.761467273149252
23980	12.63883996358681
23990	12.694165224542708
24000	12.671940758599442
24010	12.728989437343394
24020	12.615100166471365
24030	12.467034750562982
24040	12.407660029765896
24050	12.475154693339125
24060	12.481132777726224
24070	12.221098255203401
24080	12.23452839314667
24090	12.075421941544352
24100	12.008004379097862
24110	11.87784794656792
24120	11.843285740264795
24130	11.751127110738004
24140	11.774889606251344
24150	11.598324906954552
24160	11.519108200862053
24170	11.421967013610233
24180	11.440001940856979
24190	11.319786158148396
24200	11.238853474527868
24210	11.176539621038515
24220	11.090798650961881
24230	11.010690610567597
24240	10.99300332106687
24250	10.91277807765755
24260	10.90113722012288
24270	10.95818257876079
24280	10.925163684530744
24290	10.828881118642949
24300	10.869546315868808
24310	10.8104277676567
24320	10.731263702163465
24330	10.81383894321185
24340	10.60387403585641
24350	10.529967309306652
24360	10.458523916450746
24370	10.347563628506313
24380	10.316916312904828
24390	10.154537611901242
24400	10.13776338979137
24410	10.101384909140544
24420	10.199360924008463
24430	10.221142302083457
24440	10.081432292255492
24450	10.060114871060774
24460	10.169265674235925
24470	10.125769233394562
24480	9.974995302552468
24490	9.877080644037088
24500	9.81219935454626
24510	9.786419693153725
24520	9.797494576666237
24530	9.939709416470397
24540	9.817197606967067
24550	9.688126324533274
24560	9.734287374193336
24570	9.564485067807633
24580	9.506534262500354
24590	9.461024648253014
24600	9.399333658224844
24610	9.452333984093842
24620	9.316052928943968
24630	9.40312428706073
24640	9.420876108671933
24650	9.38023935499992
24660	9.441101231700161
24670	9.383863630122304
24680	9.45325446844376
24690	9.365373311834652
24700	9.314577398984522
24710	9.338363895197874
24720	9.41727971925193
24730	9.266397422156238
24740	9.253168625443466
24750	9.164100140515675
24760	9.241457432678715
24770	9.095848540720525
24780	9.012178747360348
24790	8.871805217076
24800	8.81558396643377
24810	8.901030010503659
24820	8.84097348031596
24830	8.82751440382114
24840	8.735250917713065
24850	8.735268610725086
24860	8.5811407246598
24870	8.48285638470536
24880	8.590645826242
24890	8.515456120718527
24900	8.536820570350107
24910	8.508996529069059
24920	8.495401007129502
24930	8.42142397985686
24940	8.413063796010459
24950	8.429795035482988
24960	8.174714854546156
24970	8.198726526259833
24980	8.222579756894254
24990	8.129043595523104
25000	8.028533090991955
25010	8.068238877867577
25020	8.066247388493325
25030	7.917412966716542
25040	7.967516526542583
25050	7.892340650152541
25060	7.818350901158855
25070	7.833227608643193
25080	7.80069859925699
25090	7.727313485198979
25100	7.801662739874895
25110	7.676616811925267
25120	7.6474370594585315
25130	7.650446988529257
25140	7.608566153829558
25150	7.509822602150751
25160	7.6453444675976066
25170	7.5355718959471325
25180	7.42372525278179
25190	7.414916634358611
25200	7.359799928374973
25210	7.195325959103751
25220	7.19911863877638
25230	7.064416487496893
25240	7.099750310923661
25250	7.178577381311772
25260	7.08296912913353
25270	7.039454015118096
25280	6.938341481484775
25290	6.902804555741645
25300	6.804812276912803
25310	6.746545698433072
25320	6.665756716187655
25330	6.648107561807757
25340	6.58026556796517
25350	6.600610677413623
25360	6.603108553558768
25370	6.525961919347692
25380	6.501625684952095
25390	6.464640029242569
25400	6.39517934445979
25410	6.392864080084482
25420	6.259926104246893
25430	6.184700140698716
25440	6.182422684228983
25450	6.218163276852821
25460	6.260703853457468
25470	6.204577934021858
25480	6.061306995579285
25490	6.013238090798536
25500	6.024479212671887
25510	6.028224430563958
25520	6.0356347852113075
25530	5.960291202778342
25540	5.9190456997902485
25550	5.903452287768185
25560	5.885184376176699
25570	5.883313298892786
25580	5.880994069337133
25590	5.90028668803509
25600	5.862353584069147
25610	5.8716159742951834
25620	5.838884870958019
25630	5.747136502616911
25640	5.734664287183321
25650	5.7156773443842965
25660	5.669829841625237
25670	5.535734472582665
25680	5.5479291132710316
25690	5.417272479085427
25700	5.396703145974933
25710	5.41350353349164
25720	5.389602954506803
25730	5.420354432433501
25740	5.452115562874012
25750	5.364491719722714
25760	5.304085233380269
25770	5.241595619343727
25780	5.353970305928753
25790	5.3350292254687135
25800	5.317768263289845
25810	5.352420415795879
25820	5.284937477765991
25830	5.229102565963152
25840	5.172332942557405
25850	5.122446269337607
25860	5.13567316859305
25870	5.054307170465855
25880	5.04270021429641
25890	5.010334928659065
25900	4.914080388337132
25910	4.950517286978645
25920	4.9187262428953025
25930	4.9206051121137
25940	4.873016338359224
25950	4.90367697861035
25960	4.8061014952001155
25970	4.79796890769794
25980	4.8329668799306775
25990	4.819080460671638
26000	4.7078844095835795
26010	4.703013949562767
26020	4.616647861139104
26030	4.641224833413644
26040	4.6733521022520765
26050	4.661944175819128
26060	4.677011130756387
26070	4.645441544707329
26080	4.694770584595051
26090	4.59431995867589
26100	4.59932452590707
26110	4.59242697357852
26120	4.651654071715293
26130	4.593698722329337
26140	4.531026219774536
26150	4.458536507166579
26160	4.438416098278654
26170	4.382870450944639
26180	4.411311399929775
26190	4.395623425521864
26200	4.361457079102625
26210	4.3491159360391345
26220	4.332578962678951
26230	4.3192938942063845
26240	4.3715253207868106
26250	4.291834805497656
26260	4.36665034381749
26270	4.323912984173423
26280	4.300865855762684
26290	4.273933149849141
26300	4.247322087388518
26310	4.3032040265262665
26320	4.337031075185204
26330	4.253154080598169
26340	4.365020059714946
26350	4.1821495066565975
26360	4.2150282272537325
26370	4.271785870072265
26380	4.1550174685424
26390	4.1874256947469215
26400	4.148275991352014
26410	4.086640173158411
26420	4.032446678035687
26430	3.974318148643162
26440	3.9763928087621423
26450	3.941936992693846
26460	3.957420851055378
26470	3.9126788333259332
26480	3.9417430662701767
26490	3.924968119574536
26500	3.895071244549504
26510	3.8698182340722966
26520	3.8930880120956686
26530	3.920329179079976
26540	3.8910372603999295
26550	3.878213181762518
26560	3.976351505007116
26570	3.873966175491253
26580	3.823616129219648
26590	3.7479007555812784
26600	3.757546708167871
26610	3.7529656151994026
26620	3.739025248471348
26630	3.776972481899827
26640	3.7629256877552346
26650	3.6652071791285517
26660	3.6593412416551936
26670	3.6038375231752813
26680	3.592023969434824
26690	3.553148204775247
26700	3.589832067831939
26710	3.5994897264438883
26720	3.5800442367915286
26730	3.5577941837572493
26740	3.5417571598436624
26750	3.4829916667030782
26760	3.4889283348508835
26770	3.5141954332105483
26780	3.509648860059374
26790	3.5282157803232925
26800	3.4791653102317097
26810	3.4638892090142814
26820	3.435770600934303
26830	3.4181830794893813
26840	3.4457876507458933
26850	3.3347154867842352
26860	3.3451116898128457
26870	3.294343805289246
26880	3.224805753513896
26890	3.1627957466547616
26900	3.227299443153008
26910	3.156055429278783
26920	3.144442104665983
26930	3.087757267674457
26940	3.044126063404374
26950	3.050916529772588
26960	3.019518641728471
26970	3.0088612089128244
26980	3.0008893128303473
26990	3.030555354223215
27000	2.9882461711101955
27010	2.9930994819153054
27020	2.9952646359141686
27030	2.943474006774188
27040	2.9562819636176063
27050	2.9060019417382956
27060	2.87162032202056
27070	2.8713999935477807
27080	2.9152873231125334
27090	2.8759869014203137
27100	2.9243648557231707
27110	2.8727388013410184
27120	2.860248717166182
27130	2.818843428546202
27140	2.9204711629336093
27150	2.8874254703196938
27160	2.811517744899872
27170	2.767393412888238
27180	2.743186312843672
27190	2.77817743173257
27200	2.7616240600581086
27210	2.760894226135945
27220	2.6699753923793397
27230	2.7584263551053962
27240	2.652742139857587
27250	2.704759174960229
27260	2.778769490965553
27270	2.71067965129577
27280	2.6868855385761594
27290	2.6009538939664667
27300	2.559242342217421
27310	2.6179865872693817
27320	2.578991577480304
27330	2.5986539815390515
27340	2.5825175800250544
27350	2.549505091608344
27360	2.49285176619525
27370	2.43783802403253
27380	2.455144782058666
27390	2.3916374611008777
27400	2.4100913014012413
27410	2.413206087481915
27420	2.3728809662687156
27430	2.408192596462864
27440	2.4870654200481606
27450	2.410712059773737
27460	2.380091609765952
27470	2.319586750497901
27480	2.3004982553586193
27490	2.290627422630011
27500	2.297383619759693
27510	2.243435903071676
27520	2.300861158566728
27530	2.30149211168515
27540	2.2737582591938827
27550	2.260526434702073
27560	2.3592662136486635
27570	2.281460819755627
27580	2.2213865834344544
27590	2.1743062518404375
27600	2.1922099537249693
27610	2.160915276239371
27620	2.229990843381981
27630	2.1709951090658626
27640	2.1476626197150916
27650	2.182357630905311
27660	2.2781411394027105
27670	2.1864915564384413
27680	2.2050239054382854
27690	2.1432792322522074
27700	2.1842329667172904
27710	2.0944976383412843
27720	2.0642743547812006
27730	2.0212117782164087
27740	2.002245653859569
27750	1.9814026273573853
27760	2.004670381431984
27770	1.9654015596382954
27780	1.985220900611214
27790	2.0215552539296398
27800	2.008394661646158
27810	2.0234528784927184
27820	2.0238573945335507
27830	2.0347914773709914
27840	2.0335779124366455
27850	1.9569911932613424
27860	1.9511506518014687
27870	1.929681496378718
27880	1.9225145458010926
27890	1.940847357539442
27900	1.9244651665953736
27910	1.89232574691503
27920	1.9437480784900447
27930	1.9231023233849056
27940	1.8934349956844232
27950	1.8917739201916353
27960	1.8969616496159734
27970	1.9121399049464927
27980	1.8835883813196477
27990	1.9020985968685702
28000	1.8814875789681444
28010	1.9067063711750893
28020	1.8635151862802768
28030	1.8079109885141331
28040	1.8344447085483795
28050	1.8449460776252915
28060	1.7953016851157466
28070	1.804943310916446
28080	1.779068385012216
28090	1.7642961542747897
28100	1.7558325370341976
28110	1.807632216171461
28120	1.835561159033745
28130	1.7767879567543317
28140	1.7648235730281108
28150	1.7217428575191194
28160	1.7472840876911107
28170	1.6924415660355305
28180	1.694738861864315
28190	1.7326972236405906
28200	1.7404095887744149
28210	1.6109030892043927
28220	1.6290104261321465
28230	1.63345786141961
28240	1.6295829523610779
28250	1.616145327853497
28260	1.5933543790769147
28270	1.6110086612529566
28280	1.5508535103858663
28290	1.5627797264889867
28300	1.5485822279033925
28310	1.5453034582640395
28320	1.533636016689178
28330	1.540229920093211
28340	1.506962079711386
28350	1.5113643038895037
28360	1.5693368198176305
28370	1.5913919487949368
28380	1.508899609337747
28390	1.5258277362763104
28400	1.4873693906300054
28410	1.4637887955261788
28420	1.469243386597975
28430	1.5121462175667746
28440	1.5398100367238396
28450	1.4969996374485217
28460	1.467941817276848
28470	1.4421338781679485
28480	1.4808481417466228
28490	1.3764145026390413
28500	1.3926936626952078
28510	1.3973540170628025
28520	1.377719739823915
28530	1.3649393667553695
28540	1.3720054898026193
28550	1.338750112338586
28560	1.3727981867629422
28570	1.345831729858277
28580	1.363793687307152
28590	1.3597588210704674
28600	1.334257061147195
28610	1.34679482439321
28620	1.2928777240956528
28630	1.2977114607585218
28640	1.2906696204372452
28650	1.2575826193058577
28660	1.2802108603882982
28670	1.2643292148313114
28680	1.2206813210497423
28690	1.2609254162947792
28700	1.2535276850349233
28710	1.2481462932328193
28720	1.228477070662383
28730	1.2733354144008011
28740	1.2138032259361438
28750	1.196429384795188
28760	1.1988811992964301
28770	1.2292538822481902
28780	1.1707211631623957
28790	1.201403512139135
28800	1.213561970683992
28810	1.1406944935746375
28820	1.2196166575877934
28830	1.149963348055446
28840	1.154594347577034
28850	1.2118829567741538
28860	1.4124659487269169
28870	1.38668233088349
28880	1.4132745970948948
28890	1.1574041222019138
28900	1.23191935458493
28910	1.2093997423308347
28920	1.193899153782368
28930	1.1165212048988944
28940	1.1125405777263184
28950	1.1172563883682955
28960	1.1119162076013462
28970	1.065888064188368
28980	1.0650128557064855
28990	1.04771714781172
29000	1.0667688210401722
29010	1.0681754334514872
29020	1.0784436784830858
29030	1.0851017045148834
29040	1.100082306439444
29050	1.065947222008962
29060	1.0440504939012456
29070	1.0473119280397443
29080	1.0510985544172529
29090	1.0558972499844212
29100	1.0294913670124504
29110	1.0559186398555418
29120	1.0326190871416745
29130	1.0162043100140579
29140	0.9884913723796346
29150	1.0079453820804876
29160	0.9916361167252722
29170	1.0695459856612433
29180	0.9839349979938466
29190	0.9644675837033838
29200	0.9489517524549546
29210	0.9373694105201799
29220	0.9412802134087177
29230	0.9563084141097788
29240	0.9504820909324962
29250	0.9408323003276238
29260	0.9343191189773012
29270	0.9291040288464527
29280	0.9640351160232253
29290	0.9634043447114599
29300	0.996891039199062
29310	0.958801071669269
29320	0.9159430680948406
29330	0.8914087176549003
29340	0.9521639210581283
29350	0.9231236943219789
29360	0.9151587484837648
29370	0.8962465813827744
29380	0.9012274841353489
29390	0.8537479707582196
29400	0.8894711769209388
29410	0.9457477418304039
29420	0.9363687742086757
29430	0.8923208469828499
29440	0.8867286255209466
29450	0.9028651659830942
29460	0.8892881468871339
29470	0.8703644252081004
29480	0.88310025851379
29490	0.8832502575368435
29500	0.9068744576911814
29510	0.8640661701060219
29520	0.8533453395638942
29530	0.8474960051311426
29540	0.8191520899500535
29550	0.8277026363875267
29560	0.8733146622493055
29570	0.8772652899886069
29580	0.8451532532622712
29590	0.9572062251224539
29600	0.831438321920096
29610	0.8360425525979722
29620	0.7973444202985832
29630	0.8455841049961604
29640	0.8663523024561501
29650	0.8427003066992472
29660	0.8587505157000608
29670	0.7960882290394043
29680	0.8025412664279131
29690	0.7927217583825202
29700	0.8267287582729285
29710	0.7800159366276925
29720	0.7822282144394427
29730	0.8392405815723754
29740	0.9279520160760055
29750	0.831313605870592
29760	0.7762904302560913
29770	0.7732363384437083
29780	0.759250125904289
29790	0.763814350317284
29800	0.7641383613417779
29810	0.7584612966705762
29820	0.7644901192600668
29830	0.7522801922479068
29840	0.754945812601645
29850	0.7629442894673979
29860	0.7977814321812363
29870	0.7738226366146429
29880	0.7499468682509005
29890	0.7611331194285266
29900	0.7649808267638009
29910	0.742656001534812
29920	0.7722631659319745
29930	0.7775122543110591
29940	0.8096854280004533
29950	0.8926683371043753
29960	0.8079821225873429
29970	0.7876379106460359
29980	0.7597474629345077
29990	0.7255824295934384
30000	0.7963549906211942
30010	0.7091467313968559
30020	0.7245759281892418
30030	0.7209412633558868
30040	0.7082741336125131
30050	0.6877543907642738
30060	0.6790639120703309
30070	0.6879418181338369
30080	0.6991387441364255
30090	0.67234630505355
30100	0.7094163143568653
30110	0.7014438777191703
30120	0.6765953605423225
30130	0.6965180764367651
30140	0.7591368113468415
30150	0.6983538364316589
30160	0.7067275063314866
30170	0.71284175772274
30180	0.7116879852460803
30190	0.6935114140311001
30200	0.6740350904077227
30210	0.6698551530296435
30220	0.6814662544736001
30230	0.6755210215639975
30240	0.6494553911023694
30250	0.6279408619387585
30260	0.6412156951129498
30270	0.6603873428307824
30280	0.6861849315161226
30290	0.6703391960090725
30300	0.6856774774658475
30310	0.6907834542063205
30320	0.7126134164049328
30330	0.6755414318634702
30340	0.6771614266948152
30350	0.5898391456520778
30360	0.619210283613956
30370	0.6475082759942218
30380	0.5645906848935206
30390	0.5994012601088479
30400	0.58047877118535
30410	0.580776350131469
30420	0.6449818020799829
30430	0.6207824066614346
30440	0.6108174115983773
30450	0.5954267154881729
30460	0.6254382338886865
30470	0.6808436544014633
30480	0.6119462523148391
30490	0.6298801211636023
30500	0.5872559512693665
30510	0.619756795831222
30520	0.5978384184280163
30530	0.5830979968018917
30540	0.5627540768820284
30550	0.5950600540452651
30560	0.6082166307278329
30570	0.5964047513436924
30580	0.5668685758728952
30590	0.5531065969812506
30600	0.5310113010329913
30610	0.5895822921417495
30620	0.5562842494867843
30630	0.5245759297241726
30640	0.566818696125559
30650	0.5639401328178177
30660	0.5517508096577999
30670	0.558186647319732
30680	0.5013195347434282
30690	0.5100673146009697
30700	0.514864042271765
30710	0.5502940805973657
30720	0.5054463164161112
30730	0.5394586884222826
30740	0.5524514184252077
30750	0.5107235429237912
30760	0.5281425651514655
30770	0.6053363323921428
30780	0.5627049344593877
30790	0.510175213218402
30800	0.5170449261591594
30810	0.5159785822374423
30820	0.48273570852337316
30830	0.49980161424794356
30840	0.4769191837623717
30850	0.4938093487129848
30860	0.48200743845698596
30870	0.5054494760518208
30880	0.5042969263896582
30890	0.481582760945705
30900	0.4763589784583274
30910	0.4639986076738653
30920	0.45834997925154486
30930	0.45809858509588336
30940	0.4558682752474738
30950	0.47804457062367595
30960	0.47197760336769523
30970	0.45553045595782043
30980	0.4709266155781214
30990	0.4936394055208366
31000	0.5233570096401626
31010	0.5046841759084055
31020	0.5045597862164002
31030	0.5099128203758508
31040	0.49087144570842595
31050	0.45149687211267203
31060	0.5712574138110669
31070	0.5316468935061234
31080	0.4581819557724461
31090	0.43180257106903785
31100	0.48816478515968964
31110	0.4937662161078711
31120	0.5237241777249552
31130	0.4211083011307851
31140	0.42424750248493875
31150	0.3883235392407412
31160	0.42818078244713037
31170	0.4073603161288835
31180	0.4443741531750671
31190	0.3971799377658113
31200	0.4017595860862169
31210	0.4274562033475055
31220	0.4191008407103593
31230	0.41832781095241195
31240	0.4079475160608795
31250	0.39588472511793765
31260	0.39369776459632677
31270	0.39296209199486515
31280	0.3885707523847688
31290	0.4077617428774337
31300	0.4052619834879525
31310	0.42059632049569
31320	0.4801139994803966
31330	0.4155724203549471
31340	0.39153679179503187
31350	0.4181521638261015
31360	0.3886621227367768
31370	0.3770390537242592
31380	0.3980393975462562
31390	0.44103496766169115
31400	0.4059690731826842
31410	0.3988182976477068
31420	0.38782579671650563
31430	0.3718549487841985
31440	0.35674160999592286
31450	0.3582106679535397
31460	0.4077074058547339
31470	0.3741487487894596
31480	0.3751792568070796
31490	0.35558196677023945
31500	0.35879739914926767
31510	0.3744431924814018
31520	0.3878853864330826
31530	0.3935401048265681
31540	0.38346776985184194
31550	0.345716365097061
31560	0.389928141221611
31570	0.350354514732997
31580	0.3836847749006952
31590	0.3634407990559424
31600	0.3507773043479668
31610	0.3770994114821326
31620	0.36620395236233344
31630	0.46781000283331725
31640	0.36250753560821136
31650	0.3515920033024516
31660	0.37471717186571635
31670	0.5936942904015432
31680	0.3558098427607793
31690	0.3696642651431706
31700	0.3481457151266564
31710	0.3521408926774025
31720	0.3411817823868794
31730	0.33657826965368465
31740	0.3349471626970972
31750	0.3253788848951163
31760	0.32490487873927454
31770	0.37233167340964274
31780	0.387205480145126
31790	0.3752967879363864
31800	0.33246751411081943
31810	0.3889478607244945
31820	0.3412071752140795
31830	0.3493454565234787
31840	0.40597693371524785
31850	0.3909853250607881
31860	0.4811092665069275
31870	0.49909777436418845
31880	0.45638846753672246
31890	0.5087418171225396
31900	0.4240973579083334
31910	0.4267049091041492
31920	0.5253816168445671
31930	0.3359749339812103
31940	0.29622701081932445
31950	0.3734572041148468
31960	0.3064288164135057
31970	0.3406752281481308
31980	0.29689395467327845
31990	0.29584244083294436
32000	0.2999447272576537
32010	0.30620848567121767
32020	0.2893534711275875
32030	0.30306834240296576
32040	0.29055999913975844
32050	0.26014454293495887
32060	0.2790639029921456
32070	0.26510037302059847
32080	0.28224620381502313
32090	0.28947423828715163
32100	0.30454469274244617
32110	0.26686321727827894
32120	0.2850867717850567
32130	0.3512772392262099
32140	0.4494916539801218
32150	0.3026353256712333
32160	0.2852346183867874
32170	0.308730818925272
32180	0.27082624608027905
32190	0.25551997923742603
32200	0.28020258199185927
32210	0.25169157612201243
32220	0.25891246955647496
32230	0.30332828165457154
32240	0.2872187587541967
32250	0.2935217447420385
32260	0.32927038804668773
32270	0.2891596859260441
32280	0.30979053834067993
32290	0.2845395449296989
32300	0.23999790970851817
32310	0.26136060255258003
32320	0.2541502804666647
32330	0.32537369995859555
32340	0.5144424245492439
32350	0.2830177696491641
32360	0.2995244425131004
32370	0.26702297686622056
32380	0.41486646063961224
32390	0.326884779105559
32400	0.2893489532507558
32410	0.2781809362647301
32420	0.28052301449634376
32430	0.24467150187333905
32440	0.2976449045860053
32450	0.3027072788463054
32460	0.25480193370536175
32470	0.29183380471724546
32480	0.28926727526076623
32490	0.26066124937538776
32500	0.24600595155391988
32510	0.2535133455328984
32520	0.23193884342452215
32530	0.2624589416513276
32540	0.24783228104584246
32550	0.24124243262500783
32560	0.2235357836624079
32570	0.26221884617219987
32580	0.23645773370284948
32590	0.26377224588501075
32600	0.22860401866533572
32610	0.24216190555642034
32620	0.25303587272099526
32630	0.27042388403282935
32640	0.3048620595328299
32650	0.22463647760545752
32660	0.2724799648207362
32670	0.24431534908220154
32680	0.240798923329642
32690	0.2673153765441334
32700	0.2619660376982078
32710	0.32531256368307304
32720	0.23614351554694119
32730	0.21040655841945263
32740	0.2392298883577688
32750	0.22218151018543106
32760	0.24177330882735792
32770	0.22687033947425744
32780	0.2565407276957622
32790	0.2653609020702382
32800	0.31100396371501554
32810	0.32396427599109473
32820	0.279779244474933
32830	0.30453035722581834
32840	0.23258313858172916
32850	0.2541893916073423
32860	0.27015855962113083
32870	0.365838741966148
32880	0.32490486000427554
32890	0.3214478433465185
32900	0.44256889258248994
32910	0.3473788389265972
32920	0.22533993190261553
32930	0.25803797969394243
32940	0.2598565233277859
32950	0.25859624468179604
32960	0.23146015476284534
32970	0.223960956998968
32980	0.21209259432242172
32990	0.22265189376225
33000	0.22577758904693457
33010	0.24433461304160806
33020	0.32090474735685975
33030	0.2946816766680388
33040	0.24625448790784524
33050	0.2721288890524305
33060	0.3324006518908807
33070	0.231578827801814
33080	0.2803649790604245
33090	0.290728448868387
33100	0.24427421058181942
33110	0.22217746935877522
33120	0.21638003353991067
33130	0.23746827221725694
33140	0.20542183297053968
33150	0.22662435585827082
33160	0.19740294963044758
33170	0.26357077072095114
33180	0.27386837449584145
33190	0.34807347556643115
33200	0.2720302016927469
33210	0.26622666773122994
33220	0.31355363246507373
33230	0.30281551642658017
33240	0.319955375403907
33250	0.27570702311803114
33260	0.2917916046785251
33270	0.24680620663707217
33280	0.2239825566377893
33290	0.24862640517590243
33300	0.2474376600532565
33310	0.2630738103585544
33320	0.24410882605938575
33330	0.3007113166530697
33340	0.2581442622623972
33350	0.26572418263607817
33360	0.2703053251783519
33370	0.2982267973361559
33380	0.21838464758188084
33390	0.24527110718020587
33400	0.23150008960724552
33410	0.20759289624331184
33420	0.20528699779498638
33430	0.20678141690802393
33440	0.21529863165177487
33450	0.22718722198190736
33460	0.21341633711145502
33470	0.19342825677861625
33480	0.1940854211294269
33490	0.1916279352897404
33500	0.21141326349576883
33510	0.1795274512698376
33520	0.21514177245974928
33530	0.20016814785798612
33540	0.21513250473350246
33550	0.19307745640316704
33560	0.1881501378857571
33570	0.18097127783117065
33580	0.21122419954774385
33590	0.24586305476492232
33600	0.2333142321020511
33610	0.18470282059810855
33620	0.1866365150368574
33630	0.1908592133323853
33640	0.19946084816726084
33650	0.2138160787696161
33660	0.22692646310789813
33670	0.2257875593380686
33680	0.23648858255780167
33690	0.179832611001191
33700	0.19760211464332125
33710	0.2507124286188209
33720	0.19425414406779343
33730	0.25699977276380287
33740	0.23105994483713657
33750	0.2108698050987819
33760	0.16856299861533533
33770	0.21069851294793326
33780	0.17768075597692737
33790	0.1799236414825747
33800	0.2069094915383785
33810	0.1745564460432637
33820	0.2653206528183464
33830	0.25490989323976115
33840	0.2519812707984081
33850	0.511669424394497
33860	0.2888198621166353
33870	0.25263933408394823
33880	0.24017520326914468
33890	0.24475719285538722
33900	0.26945764127998273
33910	0.17069639273349124
33920	0.18832680004464103
33930	0.2024254474328729
33940	0.2627834868799404
33950	0.21214558991984236
33960	0.22775552677269634
33970	0.2256784480528107
33980	0.188260796523758
33990	0.17728000410914108
34000	0.1829030523552708
34010	0.22163364637627234
34020	0.23095566936959944
34030	0.1750828139327132
34040	0.1983301464981623
34050	0.22927864815232757
34060	0.19957587875862906
34070	0.1820710958056691
34080	0.19060169468190463
34090	0.20691396133294826
34100	0.19142627003278492
34110	0.1736259636057077
34120	0.18156959963064798
34130	0.1932903934066567
34140	0.17494282666572733
34150	0.28350707793980884
34160	0.21373694772868523
34170	0.16969830928852295
34180	0.17940146556173736
34190	0.14801419724851594
34200	0.1707853608751509
34210	0.18351903519374652
34220	0.1878537176441373
34230	0.24476446251559136
34240	0.18415611874052545
34250	0.19784964425469373
34260	0.19250127057297203
34270	0.17744045895761162
34280	0.16679601380604725
34290	0.15169822297343238
34300	0.1411322521495611
34310	0.2536680538068129
34320	0.17382835683053932
34330	0.3116614715466699
34340	0.5441435107931993
34350	0.21641335778535362
34360	0.15112161706227056
34370	0.15795929972947217
34380	0.15915493352250382
34390	0.173037109679996
34400	0.15250062197126477
34410	0.19030128192660556
34420	0.1630144055402148
34430	0.17002256790542475
34440	0.1796629470039027
34450	0.1985492500021431
34460	0.16949537996898964
34470	0.1704940377421341
34480	0.15864036929284475
34490	0.1676486300186039
34500	0.16900449196086498
34510	0.15158098159226538
34520	0.1697759193230704
34530	0.14772466721064165
34540	0.16210186376194238
34550	0.15290619437437333
34560	0.17944248316822708
34570	0.15542501273066855
34580	0.16016038931525933
34590	0.15604319842243597
34600	0.17824333017236427
34610	0.1793874179559791
34620	0.14985151322479864
34630	0.17163136953626348
34640	0.1980141259207158
34650	0.17869016344895008
34660	0.1712365472976474
34670	0.19093401474340327
34680	0.236159549314585
34690	0.3119895608020284
34700	0.3214817179670285
34710	0.2239322613150724
34720	0.20318000786401394
34730	0.20052827064866655
34740	0.18448940193926114
34750	0.19035367826298571
34760	0.15901111032725973
34770	0.14566444424202976
34780	0.1805871204140695
34790	0.17619251969027375
34800	0.198582294967474
34810	0.18586181710705155
34820	0.19250213092771876
34830	0.1870470410088268
34840	0.16829525286847732
34850	0.17921334930386412
34860	0.1686282461611456
34870	0.19039127010425771
34880	0.1625542525266213
34890	0.17754414488575174
34900	0.16265041009022665
34910	0.1572636428596552
34920	0.21302307897967168
34930	0.17037700705088565
34940	0.2367148778255021
34950	0.18211392996177536
34960	0.16664388163442792
34970	0.1616896302446904
34980	0.17563831708713817
34990	0.15834534147864576
35000	0.2005066609089866
35010	0.22624071662895165
35020	0.20410541019178055
35030	0.21015830547116063
35040	0.20260157812329252
35050	0.2234317554988023
35060	0.20725152382932122
35070	0.1783543230726264
35080	0.2163619424813621
35090	0.22708105569118953
35100	0.1842018443677515
35110	0.15630613584331543
35120	0.14266671401758943
35130	0.12959204119154077
35140	0.14957166707767744
35150	0.14633426586016818
35160	0.19452088850904245
35170	0.2143711990270076
35180	0.17003273587523138
35190	0.18920837524357617
35200	0.20473759217491896
35210	0.21534106092463595
35220	0.20340356463230966
35230	0.18031639408695707
35240	0.1614314286844161
35250	0.15994510021116393
35260	0.1478047433385289
35270	0.12936888374846578
35280	0.1516181619872004
35290	0.16781677375886456
35300	0.18591951905411674
35310	0.16830946468793265
35320	0.164988312631659
35330	0.12099916099284003
35340	0.1430113489772995
35350	0.147129187508252
35360	0.16477897689280308
35370	0.15083258494576202
35380	0.1559072488530092
35390	0.12792667619498985
35400	0.12912973164391817
35410	0.13706843948832767
35420	0.1590674356477464
35430	0.1626351263866161
35440	0.2556862463647971
35450	0.18706355368882008
35460	0.1372991592186621
35470	0.12941540750653627
35480	0.1389271521423895
35490	0.1352309771205395
35500	0.11196539902839854
35510	0.14555283560261773
35520	0.11688265019825513
35530	0.14748390697969885
35540	0.17132640116009695
35550	0.14209969107733805
35560	0.13939407273594473
35570	0.15200526278391102
35580	0.12785391077982602
35590	0.13490535403448173
35600	0.1167764431422449
35610	0.19197321909843382
35620	0.13030299006208254
35630	0.1699947259966941
35640	0.1326625293117214
35650	0.1271536216762842
35660	0.14102780951370666
35670	0.13012212917221333
35680	0.21222668826633062
35690	0.1467513747556425
35700	0.20889729386836273
35710	0.18704696570733179
35720	0.21017712305379463
35730	0.21574254221331243
35740	0.14937759560000244
35750	0.16710308939667673
35760	0.18288926355658344
35770	0.1411307459267091
35780	0.13129862426656375
35790	0.11867209526409585
35800	0.13078521588997888
35810	0.15722366512805647
35820	0.12910282535612622
35830	0.15717286617469517
35840	0.18173120605946375
35850	0.14748567393623038
35860	0.149045203166254
35870	0.11606599890841694
35880	0.13166283730770315
35890	0.1257679742254128
35900	0.1445386918709813
35910	0.11747650278829161
35920	0.13391683974803809
35930	0.155037643690929
35940	0.23246043287778576
35950	0.1216673633783164
35960	0.12124221080317497
35970	0.14983226351946632
35980	0.15035699906970076
35990	0.13197211704648643
36000	0.1470055748680822
36010	0.12092834853130624
36020	0.12970340239683528
36030	0.1327174214343117
36040	0.16227356758022976
36050	0.1301763585649017
36060	0.17325171824694507
36070	0.1757430518395691
36080	0.15108056085415192
36090	0.08651615751648768
36100	0.11273643228709784
36110	0.11708907368430382
36120	0.0964038693447203
36130	0.10474726576406744
36140	0.13479500552245333
36150	0.12050908867426956
36160	0.12240663227061675
36170	0.13250609725444631
36180	0.10932787785994928
36190	0.13093099021552543
36200	0.16315734614621571
36210	0.14147881047111818
36220	0.14912552113950195
36230	0.16021681093135662
36240	0.1472432097799449
36250	0.11485924324990801
36260	0.11866203773192076
36270	0.13312022141579444
36280	0.12326762751035726
36290	0.1351074100797813
36300	0.10487404401042656
36310	0.13193708140370713
36320	0.13179267277915835
36330	0.16081921683755013
36340	0.14969384928592513
36350	0.13278814595807326
36360	0.08527823983405387
36370	0.09713325955094534
36380	0.09808517273864618
36390	0.08371931349051537
36400	0.09301406078905732
36410	0.0921151994265851
36420	0.13238252713045803
36430	0.11878804116460163
36440	0.1001754514568052
36450	0.127619907385338
36460	0.23533365930637912
36470	0.20884244816965378
36480	0.1846843920059596
36490	0.17819952929032987
36500	0.11568644587433144
36510	0.11758070793932153
36520	0.15448638976972084
36530	0.137468684798969
36540	0.10347768444732194
36550	0.11882602797071067
36560	0.11137086081088003
36570	0.1308444319149644
36580	0.12149992923996121
36590	0.14084299663161598
36600	0.16990115451281332
36610	0.11635577357545261
36620	0.11920466090581713
36630	0.13075506075957413
36640	0.1330194567309857
36650	0.11462585583189766
36660	0.11331478667796528
36670	0.09198010772029526
36680	0.11117688790690937
36690	0.12866341584669247
36700	0.10262778648365684
36710	0.13788848050693556
36720	0.11679938075214569
36730	0.11547935718574431
36740	0.10151564061640876
36750	0.15348309456955642
36760	0.13817210261259472
36770	0.1783697646018236
36780	0.15239331633353784
36790	0.09968394673508416
36800	0.18230388400855305
36810	0.11113790143598769
36820	0.15533160984891134
36830	0.14637022072414407
36840	0.1309230572978022
36850	0.1447033267676553
36860	0.13930557584570666
36870	0.1145976079528275
36880	0.11811355210513852
36890	0.12691893305439647
36900	0.1306408521470999
36910	0.11910348536153402
36920	0.14944647122260737
36930	0.12667505664943612
36940	0.1478806498504902
36950	0.15096033105787712
36960	0.158618399479019
36970	0.10394588043483947
36980	0.13906017745339813
36990	0.11810495213089378
37000	0.11062355120608383
37010	0.11137032099137627
37020	0.11670196417188336
37030	0.10589895238970284
37040	0.10813886677766528
37050	0.1376836801316657
37060	0.10221642149313231
37070	0.11230902070292104
37080	0.14344158196378168
37090	0.18771225847256787
37100	0.1372889465760362
37110	0.0965224662824841
37120	0.1281716917328115
37130	0.10417225124884591
37140	0.1209508731898375
37150	0.09757790590938224
37160	0.09580975035496415
37170	0.14579775165824332
37180	0.0948063880250266
37190	0.15569217544568287
37200	0.15182568146267364
37210	0.12079310972337791
37220	0.15754273114750456
37230	0.09847289728519365
37240	0.09285369493852272
37250	0.10295013496625936
37260	0.21012381789585882
37270	0.11922880945294353
37280	0.08967774636024485
37290	0.12687006876792295
37300	0.12164151805866429
37310	0.17797940067252707
37320	0.18297170981683106
37330	0.09849231399153338
37340	0.08582633351275423
37350	0.1288675966626212
37360	0.16854624577694163
37370	0.16804108136802576
37380	0.1279636309296626
37390	0.15477344239965937
37400	0.13600884851677075
37410	0.12345105729226469
37420	0.15407631739623767
37430	0.16456251542171485
37440	0.11320132423559925
37450	0.10413378379963888
37460	0.10290600465700683
37470	0.10845399466796483
37480	0.1325242775053404
37490	0.15245336802626486
37500	0.12235209734802337
37510	0.116128573125644
37520	0.10340796852170574
37530	0.14678736200454076
37540	0.19067739322269547
37550	0.1054997288081751
37560	0.1394458715578502
37570	0.1290215732448967
37580	0.16372859420815766
37590	0.15837964630743642
37600	0.12468968711314371
37610	0.12608155801008547
37620	0.12862342628616205
37630	0.14655580220554493
37640	0.14868864144752744
37650	0.19605953716156246
37660	0.25794467058822146
37670	0.24621806998163856
37680	0.09086273332569526
37690	0.0940842395437414
37700	0.0939678365733114
37710	0.11019716454550572
37720	0.12586076961675108
37730	0.0912075400464342
37740	0.13339456322891166
37750	0.131237058562367
37760	0.1158545652957875
37770	0.13614192710998416
37780	0.1417209284270354
37790	0.10360110958278383
37800	0.12295280432097871
37810	0.2123000255122268
37820	0.1385909570686843
37830	0.1483873447048574
37840	0.14534726311690033
37850	0.16081076681449685
37860	0.08638306803877163
37870	0.15278064874905573
37880	0.1517722426579084
37890	0.13998201373985197
37900	0.10715290664098345
37910	0.08262667727794193
37920	0.10909133263276415
37930	0.10913067973082632
37940	0.10683326460211275
37950	0.11345069961472362
37960	0.11341285681887474
37970	0.1046943339475976
37980	0.1442615782155203
37990	0.07805860883106387
38000	0.09496536864005198
38010	0.12560908977279062
38020	0.14964434364955262
38030	0.10762172909515488
38040	0.0877395976873424
38050	0.13848014683618415
38060	0.17048755585350558
38070	0.22150597154893856
38080	0.12755065389605938
38090	0.11513662870155149
38100	0.11805793890457615
38110	0.09368732614663325
38120	0.1432286838100481
38130	0.249191553731132
38140	0.15196362513114273
38150	0.11346392338363769
38160	0.1152099694834321
38170	0.1440159209236169
38180	0.12147394209045606
38190	0.16933782740844414
38200	0.15912274557753575
38210	0.21814569079713067
38220	0.08419198871298653
38230	0.08134291948617209
38240	0.09750624357147011
38250	0.0978451548146522
38260	0.12292305403681698
38270	0.13646523232622929
38280	0.133014267304518
38290	0.1522820621855231
38300	0.08050487673943268
38310	0.13105420720752886
38320	0.11615219169629301
38330	0.09305683927819226
38340	0.13574288082577124
38350	0.1486697130971129
38360	0.1128024860605963
38370	0.12261455652992259
38380	0.09180238259821336
38390	0.10603728721407207
38400	0.08981399848057323
38410	0.11235420059433229
38420	0.156206522214146
38430	0.09673931702818853
38440	0.11743863887372408
38450	0.14235023331918945
38460	0.12507342795507215
38470	0.09251349621362132
38480	0.10124121665852533
38490	0.14456194509745843
38500	0.08919232617599832
38510	0.12392887364171468
38520	0.1729028189278393
38530	0.15886474273656967
38540	0.1138263548026156
38550	0.12924894570988377
38560	0.1497698147224811
38570	0.09176126975256206
38580	0.08556128505949127
38590	0.11363253494932066
38600	0.1348114637232956
38610	0.13648672110795337
38620	0.1738250355439097
38630	0.16571663454575916
38640	0.1535559316168427
38650	0.15804307802588405
38660	0.13800741304971398
38670	0.15663194311986986
38680	0.11177525200645864
38690	0.13097158143024684
38700	0.1516214411536894
38710	0.13878156160572605
38720	0.0972846325668341
38730	0.09886811926209184
38740	0.11367902253146851
38750	0.09761190919615843
38760	0.1201701832709545
38770	0.13173986212221545
38780	0.10461450816197275
38790	0.08633474349515413
38800	0.07873994461393903
38810	0.15057302642120018
38820	0.10606494508417154
38830	0.11589664542946577
38840	0.10509730870003721
38850	0.0983879679627626
38860	0.08534894692580247
38870	0.1261606951086023
38880	0.10707498577150679
38890	0.13317010348654634
38900	0.1295035794000514
38910	0.09042611443172381
38920	0.08988453671495052
38930	0.15372060644396535
38940	0.18316657111030088
38950	0.15742967424838952
38960	0.12513239346583274
38970	0.19765468580155046
38980	0.12159401224092395
38990	0.09264766773371177
39000	0.07915642708862485
39010	0.08900401507358668
39020	0.09171035648767323
39030	0.10988386649569831
39040	0.13593446540792736
39050	0.15874768907138298
39060	0.1739545425382959
39070	0.16871085660373134
39080	0.13188746526536288
39090	0.17490108868099769
39100	0.15202938523912599
39110	0.10302076448616639
39120	0.11663860894729643
39130	0.11586480107626582
39140	0.10651445639263576
39150	0.08847849762996689
39160	0.1052632591142811
39170	0.12089066305982181
39180	0.08030602771341556
39190	0.14679860488119434
39200	0.13395214458037427
39210	0.14970717745481907
39220	0.1811750087558797
39230	0.13280830677629019
39240	0.14090227180831394
39250	0.15572337147209134
39260	0.18104827595156964
39270	0.09184213772049704
39280	0.08020234189646383
39290	0.09319701965393345
39300	0.11754877564487042
39310	0.08746098495554974
39320	0.0785975472139045
39330	0.0946278875550169
39340	0.09365732783658376
39350	0.1654046835236382
39360	0.1833358186045461
39370	0.20770222733859997
39380	0.11624244099128885
39390	0.07326800238802704
39400	0.07340393839506347
39410	0.09576375818869118
39420	0.10714659172257487
39430	0.08730608906003298
39440	0.14613703137315132
39450	0.12644315877166543
39460	0.185411730228954
39470	0.10069236192768385
39480	0.12187945974916223
39490	0.1724526656018679
39500	0.1120350874361877
39510	0.15374508482477986
39520	0.1608710776742305
39530	0.2232849907881713
39540	0.2621655230081381
39550	0.2513179560331779
39560	0.30509455255185136
39570	0.19028353890347355
39580	0.22722719307362685
39590	0.18282725536604882
39600	0.15051048188610305
39610	0.08132250117030533
39620	0.07640599722531587
39630	0.10648894479439372
39640	0.15937939514418106
39650	0.14601383855716166
39660	0.15015774073498547
39670	0.16674161415231656
39680	0.1665253363570407
39690	0.19853378335081417
39700	0.14936165262450687
39710	0.10565695970610345
39720	0.06901262636553777
39730	0.10581636817247692
39740	0.0935285961133546
39750	0.15132027172129564
39760	0.14422315828997578
39770	0.1789217614790883
39780	0.12124288571432786
39790	0.11061945630797836
39800	0.10544411822136145
39810	0.1403932951747303
39820	0.12784663432363458
39830	0.12640519579098974
39840	0.13124340276932608
39850	0.12727996774436426
39860	0.11531753993806951
39870	0.09777471812922311
39880	0.1351521665281079
39890	0.11592224820420702
39900	0.17418234737759122
39910	0.12967523485381138
39920	0.11288926299806204
39930	0.08531220472827854
39940	0.12444232456155258
39950	0.1826557177557837
39960	0.08844205099199305
39970	0.15513938243883368
39980	0.15713807269007965
39990	0.22685238532263474
40000	0.15650662913924832
40010	0.1313051483892954
40020	0.12395921620626484
40030	0.1074286039350569
40040	0.11632100562065738
40050	0.11108533119756986
40060	0.11738323914871844
40070	0.10188171232786143
40080	0.10818435331535646
40090	0.12434217131351767
40100	0.0831253548816103
40110	0.12770710863812376
40120	0.10555259117058342
40130	0.10618304371573303
40140	0.12246844873667223
40150	0.10468590932649148
40160	0.1148468075767858
40170	0.10641993317341107
40180	0.10097269885091772
40190	0.1314055072242007
40200	0.11167439389795597
40210	0.11217607244181071
40220	0.12113873684932629
40230	0.11920554429179091
40240	0.10936314330057366
40250	0.15142235443416888
40260	0.10046450088167191
40270	0.11257727066850592
40280	0.16733018746182082
40290	0.10121453376544785
40300	0.12291156291928984
40310	0.0848369428154982
40320	0.15875892714102088
40330	0.10162747028647955
40340	0.10681806855842971
40350	0.0976647548653152
40360	0.12784615376093617
40370	0.11360644572750558
40380	0.14691299939950403
40390	0.1659447632482514
40400	0.15056551097343465
40410	0.14468019890253078
40420	0.1300990990768907
40430	0.09522007268230409
40440	0.10789025737156928
40450	0.09198410830714751
40460	0.13250633381308075
40470	0.08583820874191328
40480	0.07979998578767354
40490	0.08217949355465892
40500	0.08115927886925012
40510	0.1330558417230925
40520	0.11460568086532216
40530	0.16802717272129553
40540	0.15865808135323994
40550	0.13295927575740227
40560	0.09234354289147226
40570	0.08531007413603804
40580	0.08186508284019148
40590	0.09466270509863145
40600	0.14743062025135892
40610	0.10406724040991673
40620	0.09645089142539849
40630	0.10310552258542517
40640	0.07484627405455067
40650	0.08767085316491074
40660	0.08196505934777343
40670	0.08659979815622583
40680	0.1070519485792144
40690	0.10079669632085612
40700	0.10362275506269476
40710	0.11642622106483481
40720	0.1839610401973999
40730	0.15387873007204989
40740	0.16017721541339933
40750	0.10024596948056734
40760	0.10243266221297619
40770	0.15301064066523873
40780	0.140269445776514
40790	0.1339569126738748
40800	0.1771453336204553
40810	0.17124043848248335
40820	0.1385080048318769
40830	0.08475771658486794
40840	0.10653083973916212
40850	0.11074290737505478
40860	0.10268995621837967
40870	0.12162551079886223
40880	0.15500474503104414
40890	0.10171634572776746
40900	0.12467620538340149
40910	0.09104931634364012
40920	0.11811423181131603
40930	0.08107439910355031
40940	0.11892738414243192
40950	0.10290652964425506
40960	0.08983048711223744
40970	0.13969592057560215
40980	0.20705742930352813
40990	0.12120349446661342
41000	0.0879206380274392
41010	0.10531451092504795
41020	0.09161241669098608
41030	0.11499184841623751
41040	0.09611134973505521
41050	0.09110099371284104
41060	0.10771466997073699
41070	0.07355846166559264
41080	0.08508689199276234
41090	0.09617658958339041
41100	0.11269546448589451
41110	0.13300558330912818
41120	0.12732349750548697
41130	0.12184853614742802
41140	0.1024866951101468
41150	0.07511647543942426
41160	0.07555770632091664
41170	0.0803478104197321
41180	0.10027710329121536
41190	0.12002319124453041
41200	0.12061107070393857
41210	0.11958971954178312
41220	0.13845967114345184
41230	0.10231976667245564
41240	0.12753781710303005
41250	0.19962183205320116
41260	0.1129009621943743
41270	0.12580466064339574
41280	0.0825672111377452
41290	0.13817298520014645
41300	0.14364773707754575
41310	0.11987225298131468
41320	0.10194357494918967
41330	0.10348871313358314
41340	0.09456797854924529
41350	0.11023455874337869
41360	0.14908884474189862
41370	0.1804875996191302
41380	0.06898304853993949
41390	0.07827621234130291
41400	0.09697112710711447
41410	0.10656113149611475
41420	0.09725987822543647
41430	0.10274548424499268
41440	0.10533622270201029
41450	0.12905604692827677
41460	0.08450225755112316
41470	0.06752422011385767
41480	0.0744087780979477
41490	0.0746579294634966
41500	0.1250937648921389
41510	0.11535997600340565
41520	0.12355552768962696
41530	0.152970000489658
41540	0.19040915065527672
41550	0.09334934718531619
41560	0.11029071219232213
41570	0.13288324995285558
41580	0.15136886117212178
41590	0.143453104402527
41600	0.18355095827744305
41610	0.18302545599821263
41620	0.13834003533700998
41630	0.18459433528965707
41640	0.16204050571173975
41650	0.3515485792459683
41660	0.09459428484095646
41670	0.11237395440628054
41680	0.09491961196054695
41690	0.09759622601969786
41700	0.0909566499380714
41710	0.11238397491211295
41720	0.06618324689840722
41730	0.09749045612157914
41740	0.13914410694532633
41750	0.15238808778149904
41760	0.11495297751549781
41770	0.1010055803481145
41780	0.12355860681057503
41790	0.15333394826760605
41800	0.09132770816495762
41810	0.09361347840227173
41820	0.10791430792905929
41830	0.10802206308836511
41840	0.16060049134876284
41850	0.12418993873350197
41860	0.19642265306521667
41870	0.10039800416899022
41880	0.08698899442662596
41890	0.1280857082818599
41900	0.12822470334582958
41910	0.078080973381248
41920	0.0995377554482418
41930	0.08787573553141426
41940	0.11632177443056593
41950	0.09264779809103865
41960	0.08771393844344573
41970	0.10240292647902238
41980	0.1372796382679329
41990	0.1189292100095412
42000	0.13986088494544804
42010	0.16133672174987693
42020	0.19266463487317753
42030	0.24386083428450636
42040	0.17180110803531523
42050	0.23450529767632156
42060	0.17044180629573535
42070	0.14049796606840043
42080	0.10534696108634385
42090	0.08399395916011884
42100	0.11247299702460517
42110	0.13732432254225568
42120	0.1864873996056914
42130	0.1226810483827705
42140	0.07438842500132667
42150	0.1142058882501314
42160	0.07682754697280895
42170	0.1285469710695079
42180	0.14613147789493028
42190	0.1431819005987115
42200	0.10953687552018922
42210	0.10761233691116778
42220	0.08374717156288405
42230	0.09792009253130772
42240	0.09572745876744342
42250	0.08448166173055431
42260	0.10161259449259365
42270	0.10660327975183394
42280	0.13148269121563183
42290	0.1611659556673164
42300	0.15597672031816542
42310	0.10831463867752009
42320	0.07958579767903186
42330	0.11975313351661492
42340	0.0653472766444356
42350	0.06255246647849173
42360	0.10383675279205683
42370	0.11419589424670389
42380	0.09690133580831183
42390	0.11196710204586711
42400	0.102386428286965
42410	0.07374352011477725
42420	0.10662684660347727
42430	0.13030867171692603
42440	0.07295151623308972
42450	0.1066501439614432
42460	0.11816555569426646
42470	0.1259346450534021
42480	0.11171038326531219
42490	0.06811874045550284
42500	0.12186346899260242
42510	0.2607856535423973
42520	0.08666757201804769
42530	0.07850165286944556
42540	0.08462562659434991
42550	0.09115830268376533
42560	0.09098544863141245
42570	0.08526766721224334
42580	0.1637261979278118
42590	0.11329530608837397
42600	0.08381568389850247
42610	0.12621604251568835
42620	0.10755912664683354
42630	0.09256579255007144
42640	0.09656604227369109
42650	0.08958638542521008
42660	0.09705918238124725
42670	0.10579153483823873
42680	0.09094748180858418
42690	0.09710524632182485
42700	0.10236848417649802
42710	0.09109195844996824
42720	0.11499520213885722
42730	0.11501561632060982
42740	0.13818946683884464
42750	0.21158195435481988
42760	0.3946438169967403
42770	0.22461010769875356
42780	0.23005031511239657
42790	0.33803559723110704
42800	0.23133493395237936
42810	0.12467717165396384
42820	0.12434988004159869
42830	0.14564338159884438
42840	0.19066026491561838
42850	0.10356195503183431
42860	0.09757555231435112
42870	0.10194502261160997
42880	0.10490268968103217
42890	0.15367828779958317
42900	0.12728083022006378
42910	0.14447886191527498
42920	0.0778275002073787
42930	0.09219769956302838
42940	0.1694772350967212
42950	0.09016474922772282
42960	0.08379307447852964
42970	0.06967647928431571
42980	0.08614458537144114
42990	0.09814514110416334
43000	0.09623824168490204
43010	0.09523562796786733
43020	0.11790168041032524
43030	0.09386806550919395
43040	0.1424160140661859
43050	0.1489070018572174
43060	0.16183770488070554
43070	0.16262799416712861
43080	0.19730232095628056
43090	0.17797776260590065
43100	0.18284793551106318
43110	0.1496680132669119
43120	0.1413193380496198
43130	0.13381972350418833
43140	0.08558767603935219
43150	0.10619554268731106
43160	0.11098954676400817
43170	0.11033779921226144
43180	0.1015009935924358
43190	0.13797970027821088
43200	0.1135875427527189
43210	0.1312982206820133
43220	0.08897862889858617
43230	0.07595401313704583
43240	0.09895476802555807
43250	0.10602106589065004
43260	0.11452730780682077
43270	0.12418647978934395
43280	0.17788829865482644
43290	0.08906859738762281
43300	0.0712223750485679
43310	0.09525977329495297
43320	0.15781615825515458
43330	0.15018083337630722
43340	0.15174626060732413
43350	0.17868345278491155
43360	0.12074726544604188
43370	0.07148338461761113
43380	0.08696640435608088
43390	0.11619301443154954
43400	0.09880362905847932
43410	0.08297282308289725
43420	0.11104732289903044
43430	0.09898216150527306
43440	0.10887503823598928
43450	0.21822465072884284
43460	0.21402726874101066
43470	0.13472298124743762
43480	0.1562253888766043
43490	0.10082707999788604
43500	0.1274277857407648
43510	0.13884725956623692
43520	0.10003277980662253
43530	0.0984383598462134
43540	0.07670170466953535
43550	0.11258583160925499
43560	0.0777256869012303
43570	0.08397711754274081
43580	0.09367188034585004
43590	0.0980416795222579
43600	0.08482887674314434
43610	0.0880213898023456
43620	0.08440331624015456
43630	0.1103444287584011
43640	0.13124036273602058
43650	0.08040809485323322
43660	0.09061478843923763
43670	0.09071594710834917
43680	0.14357822152878805
43690	0.15329000211009386
43700	0.11975098518015423
43710	0.17290855328528007
43720	0.14087540839598445
43730	0.14009630559827924
43740	0.12675091822101522
43750	0.09931223781377697
43760	0.07683424027528044
43770	0.10837581667549699
43780	0.07874940077952547
43790	0.115154794538086
43800	0.1376808381604176
43810	0.11188962534301906
43820	0.1648273773133343
43830	0.09576256430064088
43840	0.08285467475589102
43850	0.1195093840589083
43860	0.09306566906083162
43870	0.11657034153134532
43880	0.09219222583844248
43890	0.12388856813683848
43900	0.12138022729901878
43910	0.19433347088967037
43920	0.14278336471267364
43930	0.09017379599752913
43940	0.12157589251406718
43950	0.10733567014121032
43960	0.11423350545186263
43970	0.07172705834664962
43980	0.09818279237472342
43990	0.1527113776448767
44000	0.21025105160419505
44010	0.17719260640783305
44020	0.14216464274512897
44030	0.11456130479221614
44040	0.1294860411434627
44050	0.09534692257427466
44060	0.15225083847200316
44070	0.12274180214897656
44080	0.13368154455402056
44090	0.15125534611336522
44100	0.1115531592901679
44110	0.1291728369375811
44120	0.09954749203643722
44130	0.10728621100586277
44140	0.14783720173846626
44150	0.12759750481552984
44160	0.1363329587429099
44170	0.13906127767800236
44180	0.15900561530469656
44190	0.109899827554557
44200	0.15798769867581652
44210	0.08939125420789393
44220	0.13903823554517936
44230	0.0732318289193742
44240	0.23288260292391952
44250	0.10216898574427305
44260	0.08889874972386332
44270	0.08562654800377172
44280	0.08741684872741191
44290	0.08936251035282851
44300	0.111928488961918
44310	0.10312231681381402
44320	0.10331504902602019
44330	0.11254069936297761
44340	0.1174993742460935
44350	0.12789143163279382
44360	0.1291825988883203
44370	0.12911241940260573
44380	0.10624891950774037
44390	0.12736680513950385
44400	0.10757996568648205
44410	0.1653529376342502
44420	0.09426140135126837
44430	0.1432095633460701
44440	0.11881853935195219
44450	0.12160173479867387
44460	0.08783503198359639
44470	0.10880969161797151
44480	0.09923524852515565
44490	0.1113138108579454
44500	0.1136569290680578
44510	0.10186535495398549
44520	0.12637670033118253
44530	0.10748326606248898
44540	0.09048801175343414
44550	0.0669933707058292
44560	0.0980763792913499
44570	0.20488932137562596
44580	0.08448236851955533
44590	0.09324049506298764
44600	0.09587429829739866
44610	0.11886204518797779
44620	0.13202229270539717
44630	0.10136404749328738
44640	0.08223215298070298
44650	0.12676141517456402
44660	0.12325217372225035
44670	0.09299345482795345
44680	0.09499200590992278
44690	0.09945865313339358
44700	0.0991232693284128
44710	0.13813462443057495
44720	0.09886149552257276
44730	0.10171970021734898
44740	0.14343495188899208
44750	0.08497523485249792
44760	0.1081634490902686
44770	0.10091696641426816
44780	0.12201432008999098
44790	0.11136340093028624
44800	0.13254459578959651
44810	0.14598403737839094
44820	0.11980579623840824
44830	0.10300347963171211
44840	0.12117815053229974
44850	0.11386494031262134
44860	0.08752203830790795
44870	0.14637849114310025
44880	0.12109703385707998
44890	0.11865337314157913
44900	0.07904441461797546
44910	0.0896280058831881
44920	0.08197731468876347
44930	0.17920648332083688
44940	0.11436080601648264
44950	0.12695030027088705
44960	0.09013779520493317
44970	0.1286274504423017
44980	0.15095484835347167
44990	0.09840820668363125
45000	0.10788198579597752