7990	20.915968359067445
8000	21.336521155313395
8010	21.485465892677343
8020	21.641391919748973
8030	21.27379755850273
8040	21.123230641915068
8050	20.86338289014765
8060	20.96089336508784
8070	21.414060018624856
8080	20.855233566040617
8090	20.94051148332937
8100	21.082566964847736
8110	21.22910951430469
8120	21.07929412897806
8130	21.04483447217957
8140	21.14388316825692
8150	21.062546372489535
8160	21.028484254353746
8170	20.748112007008427
8180	20.677647856264894
8190	20.748819130541108
8200	20.586193437592957
8210	20.77712389541157
8220	20.362073541679553
8230	20.667780098835443
8240	20.271532843971055
8250	20.477650831736874
8260	20.324333359105903
8270	19.85665530237091
8280	19.72749594854777
8290	19.988854163161736
8300	19.809375540906277
8310	19.50427382259436
8320	19.308327371711698
8330	19.375542845556
8340	19.31956800081107
8350	19.462419760795054
8360	19.412559244228866
8370	19.077316151401703
8380	18.724928870343735
8390	19.347085910278302
8400	19.00172645562808
8410	19.189570211865682
8420	19.076118555444335
8430	18.92698679917793
8440	18.793633044366256
8450	18.94779932070192
8460	19.353716533178467
8470	19.35643849423037
8480	19.08048394192665
8490	18.92254429164058
8500	18.824682045336818
8510	18.869798384872738
8520	18.426515024180997
8530	18.410997867104495
8540	18.746397845766737
8550	18.363334286981477
8560	18.153292910492002
8570	17.930106919629566
8580	17.718479001125644
8590	17.713807491214002
8600	17.865686102211118
8610	17.762028269501773
8620	17.36520258303176
8630	17.557603612375377
8640	17.246878406743317
8650	17.09919502375241
8660	17.452262441603956
8670	17.51922732892903
8680	17.428617805015822
8690	17.164457116176024
8700	17.406462539974058
8710	17.230026053240046
8720	16.891725440050266
8730	16.921822198957074
8740	16.939192290222103
8750	16.925677566730208
8760	17.003954049869115
8770	16.988555917465558
8780	16.742165435951776
8790	16.563939416428262
8800	16.444674089423984
8810	16.561714594703034
8820	16.47301970355527
8830	16.304526759941
8840	16.219746260119788
8850	16.35001259880345
8860	16.210721376390723
8870	16.114255555741533
8880	16.032205636668287
8890	16.08914302099962
8900	16.278334459954966
8910	16.105528677190755
8920	15.75846578953853
8930	15.46627306393069
8940	15.644437044701201
8950	15.803982030446218
8960	15.863500846346609
8970	15.472008434522765
8980	15.269568823152394
8990	15.17267273145324
9000	15.307570471840306
9010	14.996367292343816
9020	14.99127166875877
9030	15.265811836259234
9040	15.279779362479385
9050	14.97033582610458
9060	14.596648837613104
9070	14.543912907888183
9080	14.43311085264561
9090	14.295673227291314
9100	14.377339987850794
9110	14.313241970504782
9120	14.357555837282247
9130	14.389696456647574
9140	14.243297729894039
9150	14.122571522548494
9160	13.960960251666322
9170	13.922461153874824
9180	13.827045710285377
9190	13.695408520815661
9200	13.614695096938632
9210	13.59590535857539
9220	13.494929824883457
9230	13.517868122241016
9240	13.350711992771785
9250	13.367527868884336
9260	13.251790323371157
9270	13.254983951833657
9280	13.214769617687228
9290	13.226268629836744
9300	13.311981461874165
9310	13.275875603556882
9320	12.969466963121793
9330	12.77528853899108
9340	12.734413018515921
9350	12.635985489548462
9360	12.711800068019821
9370	12.562953763666519
9380	12.655087905551257
9390	12.558444513926316
9400	12.479040002904636
9410	12.433543849903637
9420	12.256857192795751
9430	12.120053336763142
9440	11.900810416867298
9450	11.769094813573282
9460	11.650485507400777
9470	11.541280613570931
9480	11.939855768491347
9490	11.070203900283685
9500	11.077066257032985
9510	10.595100168035941
9520	10.337661411993382
9530	10.237803622060087
9540	9.907470215313689
9550	9.67968663122654
9560	9.208128082875639
9570	8.77132204880234
9580	8.409670300472332
9590	8.158230133154207
9600	7.806901361724642
9610	7.568760287226264
9620	7.189673163127236
9630	6.998748936460842
9640	6.774250000089803
9650	6.542871870861873
9660	6.6392986476714135
9670	7.124822144282951
9680	6.911329967595975
9690	6.851310970493374
9700	6.905476768641048
9710	7.332251872660026
9720	7.624866887088691
9730	7.736687903028771
9740	7.8453798262801895
9750	8.227113267137355
9760	8.350109555225716
9770	8.60065469856297
9780	8.918922216865209
9790	9.563812834185113
9800	9.511630266012467
9810	9.655695460612362
9820	9.510076009711046
9830	10.712962184457488
9840	11.166124813316795
9850	12.080258077886624
9860	12.749570775569683
9870	12.304003650385198
9880	12.760139643264798
9890	13.21035377503055
9900	14.136697448149498
9910	15.132439693259444
9920	16.082506124651825
9930	16.184556182518442
9940	17.254893230327465
9950	16.340986226535357
9960	17.659812758881777
9970	19.1178551704012
9980	19.072745482817343
9990	20.187891532663382
10000	21.83438760221351
10010	21.891451911766392
10020	24.149864002422866
10030	25.0813152992857
10040	26.374544033790738
10050	28.179167384157953
10060	28.373774475779044
10070	27.36558361431953
10080	33.475576195439785
10090	35.14111512351358
10100	37.08352404054717
10110	38.225260602909735
10120	41.01808073360386
10130	42.063860601344366
10140	45.97418850789275
10150	45.39675091239712
10160	49.41368412468763
10170	55.63934032961624
10180	56.74147637555616
10190	57.313936210990114
10200	59.99637414637782
10210	63.37042248899066
10220	64.04095267733365
10230	69.09765734389559
10240	77.41916350536987
10250	85.0256305945063
10260	85.1104034898133
10270	87.93957890681811
10280	94.28965084146051
10290	98.64271260428832
10300	106.75139684681793
10310	111.60533335562332
10320	115.96608535331104
10330	123.54143392011251
10340	124.00703512320246
10350	140.39819656965497
10360	162.147838516389
10370	157.7492205351673
10380	165.41363660758867
10390	170.61040241560488
10400	196.27260616731442
10410	197.98917190699754
10420	206.08276830588144
10430	231.05385652435112
10440	236.46288546962055
10450	254.86032858702697
10460	252.67836724901363
10470	278.9189797298757
10480	304.6720361444959
10490	308.9799959172101
10500	329.618442916978
10510	331.4683201292752
10520	358.817851884093
10530	406.8948973177448
10540	451.71746527280453
10550	460.240599597288
10560	455.04040912857965
10570	529.1375258082746
10580	512.1882620183701
10590	529.8697263246016
10600	586.395098384893
10610	673.5873946057243
10620	666.4131370928911
10630	761.8432846745332
10640	730.8729184916745
10650	842.2193772938464
10660	852.1689235262297
10670	933.9976303095361
10680	950.8084891554719
10690	1016.3013084502945
10700	1082.117276298412
10710	1193.5911812286713
10720	1348.7575140310905
10730	1319.5494520189159
10740	1461.576860479649
10750	1438.9202187861429
10760	1595.120209785493
10770	1698.6278571548419
10780	1684.3301010558696
10790	1915.4674390852333
10800	2115.884956022088
10810	2118.5387803243248
10820	2267.5821803772124
10830	2674.272740974077
10840	2541.495767573003
10850	3030.803168111724
10860	3216.187246775764
10870	3180.693754066307
10880	3349.4279857322617
10890	3692.3262724729884
10900	3867.451287301698
10910	4487.390408866482
10920	4673.306146631269
10930	4736.825781673042
10940	5350.52466538314
10950	5606.401416394491
10960	6217.036318407301
10970	6818.888449366208
10980	7389.49860599043
10990	8061.589963792639
11000	8680.702174799211
11010	9090.927771766203
11020	10702.722823852757
11030	10869.531745159264
11040	11603.508473962347
11050	13145.437126749035
11060	15310.84340026157
11070	16381.532461573457
11080	17496.03597510899
11090	18821.473783684298
11100	21056.91946282312
11110	22886.643696527248
11120	27451.958410167852
11130	32101.14302650201
11140	35023.46375129207
11150	39439.216253101076
11160	43889.4309559977
11170	46782.64923145725
11180	56783.94720588598
11190	64264.3569092128
11200	79187.18903730439
11210	90399.86727727835
11220	107014.24520217118
11230	130003.12516752502
11240	160778.84553090273
11250	192015.83817044104
11260	234967.61437239632
11270	297390.57621742756
11280	374381.50294115074
11290	458243.2328432017
11300	534934.0013953921
11310	682562.3025350895
11320	842281.9708384019
11330	1.0183937280753605e6
11340	1.143458522933495e6
11350	1.3720696803730323e6
11360	1.4182784334197599e6
11370	1.4714813036870114e6
11380	1.4614209538440637e6
11390	1.5723948053429518e6
11400	1.5720628617429012e6
11410	1.6371485746937466e6
11420	1.802644611130221e6
11430	1.7264355753714044e6
11440	1.8229068215884257e6
11450	1.8595223685885507e6
11460	1.8248685066234272e6
11470	1.9056837213276878e6
11480	1.8824456416258956e6
11490	1.870295728731022e6
11500	1.8911551833594886e6
11510	1.7945191806574657e6
11520	1.9299736180351723e6
11530	1.9043642370304484e6
11540	1.8720056925170147e6
11550	1.7333447636009906e6
11560	1.7761229631674723e6
11570	1.8153720142973617e6
11580	1.7654052592337022e6
11590	1.7302734083695877e6
11600	1.8117449759067409e6
11610	1.769498850771588e6
11620	1.7131891009354799e6
11630	1.677558148735929e6
11640	1.7027615761550004e6
11650	1.7549080457242038e6
11660	1.6004082639490631e6
11670	1.6489110443135942e6
11680	1.6181121477976746e6
11690	1.648396213036102e6
11700	1.6131797007664526e6
11710	1.6196828527506234e6
11720	1.643383706293606e6
11730	1.54033101740057e6
11740	1.51829131741598e6
11750	1.4921170208968495e6
11760	1.4603541745736192e6
11770	1.5188471924032513e6
11780	1.413904580102118e6
11790	1.380334476497973e6
11800	1.3780617992564766e6
11810	1.3853380469747146e6
11820	1.3793151363970512e6
11830	1.4755120369970815e6
11840	1.3416715285661006e6
11850	1.2869205009160605e6
11860	1.341384930510108e6
11870	1.3511836735900976e6
11880	1.3039485131429553e6
11890	1.296308887324538e6
11900	1.2984221054841438e6
11910	1.234292130584319e6
11920	1.2094965653860297e6
11930	1.2103748993634451e6
11940	1.2218820512993978e6
11950	1.200502409837663e6
11960	1.1959876895572671e6
11970	1.1644245164784996e6
11980	1.153718524339362e6
11990	1.106621412599621e6
12000	1.1298003003026713e6
12010	1.1356945038032446e6
12020	1.1281777206287582e6
12030	1.0705499888839165e6
12040	1.0664953011664306e6
12050	1.0692072400527494e6
12060	1.0505240103959914e6
12070	978065.8061433558
12080	1.0309987048029662e6
12090	996015.505946327
12100	1.0141964671616477e6
12110	970639.703454731
12120	979496.2198858379
12130	962142.0262283967
12140	966420.5451503412
12150	935657.3437054841
12160	883191.0440505864
12170	929543.4317663161
12180	943764.5261373176
12190	910108.3977698355
12200	887388.0345120786
12210	892817.5195484036
12220	897050.4452055651
12230	875691.6714676112
12240	913456.202988926
12250	864118.6425760927
12260	832680.7247434336
12270	809044.9109716567
12280	816905.1333539266
12290	810585.4567046796
12300	795203.4743082293
12310	782256.475322587
12320	764273.450585626
12330	741437.0647128592
12340	745276.3914529559
12350	724003.0528255483
12360	703463.9398805435
12370	717893.4842772041
12380	717190.402538732
12390	736254.9149305329
12400	677927.3351741253
12410	698256.910822721
12420	705971.5667376128
12430	688306.191329194
12440	669875.7899408068
12450	657710.3956502995
12460	666770.8453848523
12470	650247.385995346
12480	637724.849390581
12490	634752.9780755492
12500	630953.0237061699
12510	632271.5092827245
12520	639302.3473927552
12530	610664.9035390096
12540	601129.2518818338
12550	605817.70214326
12560	595057.4240955162
12570	618355.0502392035
12580	617657.3798499968
12590	575875.3921322258
12600	579728.3034999511
12610	548753.9254375933
12620	547707.2003484648
12630	558407.8049280895
12640	568720.1865819261
12650	533600.2041017679
12660	532592.6039050787
12670	531443.059577793
12680	540010.9736310089
12690	524302.6828466796
12700	510769.9048616771
12710	506479.89779972774
12720	514330.21300909854
12730	493792.0032563211
12740	483671.148661324
12750	477440.0876923576
12760	480831.15874849766
12770	478142.0732307238
12780	464279.9267486451
12790	459990.37428708543
12800	460433.44094108936
12810	464676.06937398744
12820	455520.3624237235
12830	442337.6698786058
12840	450222.1224187314
12850	430891.4772216329
12860	438542.2443848144
12870	427836.762627869
12880	425815.82691830007
12890	427948.4792996862
12900	407782.4124264506
12910	402321.65214562457
12920	408551.7987701572
12930	403305.54983846244
12940	390555.0373868147
12950	397759.046200579
12960	392069.1620681432
12970	398729.06459430937
12980	381792.9742669618
12990	377028.23751918256
13000	379082.25143292337
13010	375024.3819406033
13020	370429.41138123616
13030	363401.8205958648
13040	369302.8777514055
13050	348926.22141122347
13060	346883.5573411516
13070	351694.5345771785
13080	355103.4014998845
13090	349352.378025655
13100	343607.2750417055
13110	340055.8856173912
13120	327114.6445020633
13130	326788.4823637401
13140	316554.03956972103
13150	322074.6208109895
13160	321842.234373528
13170	313360.48045028525
13180	312091.2450775777
13190	309542.12656332296
13200	301223.09918900585
13210	299587.17025588464
13220	295458.6564440645
13230	294796.4401497764
13240	291415.44952326943
13250	291475.55899398914
13260	287756.2990439605
13270	285877.23951604485
13280	280866.816016788
13290	282827.8201181019
13300	284712.70361087454
13310	274668.9305822769
13320	273607.1618322003
13330	271297.7413635584
13340	271360.9035336282
13350	266137.8724762575
13360	268310.42161879776
13370	263963.89646319894
13380	259081.5765710131
13390	257569.644396573
13400	258441.34973133105
13410	256833.86915646956
13420	253030.01891038544
13430	251354.98957288428
13440	251628.2462832764
13450	246203.52364239495
13460	241841.8714498718
13470	246795.1498864046
13480	239665.45015231342
13490	241818.22576970913
13500	243024.99301698623
13510	248980.5959015777
13520	244426.24753823507
13530	237654.93754403616
13540	232587.117947896
13550	227079.98240107327
13560	229385.06321788792
13570	224381.91029843918
13580	225301.66062411873
13590	221229.5276328694
13600	219740.6218321017
13610	221988.9795029923
13620	219838.39097735722
13630	215453.355868669
13640	210140.4405250569
13650	211508.2579562356
13660	212160.17440372886
13670	209102.98673861864
13680	203318.76386418586
13690	200532.6284638205
13700	201751.3688707148
13710	198987.469980496
13720	195750.44448318947
13730	192828.03903190137
13740	191845.60157045996
13750	192292.81413562738
13760	186302.17036367668
13770	186500.8748631022
13780	184377.4755804635
13790	186842.92387356106
13800	183676.21308019524
13810	182370.69514021085
13820	183071.97111357324
13830	180656.4764447584
13840	173998.11633578205
13850	174989.9036641436
13860	174386.07055699016
13870	179317.43779186328
13880	172696.76615304453
13890	170733.83479585292
13900	169529.79308252313
13910	166968.8501661834
13920	168992.48647716164
13930	165409.69982263295
13940	162385.1122573014
13950	161666.45029883293
13960	161533.11190250266
13970	160092.56336793798
13980	156370.10126972402
13990	154410.0693843738
14000	153341.37031393143
14010	151829.40805199658
14020	151483.92526181784
14030	150135.40368994296
14040	149744.59213839253
14050	150099.4675537571
14060	147985.890601814
14070	146899.2651360684
14080	145980.1060236463
14090	144194.381985984
14100	141903.01498416395
14110	139867.949275829
14120	139086.33967717408
14130	139195.16313315896
14140	134710.85740054343
14150	135318.38547569615
14160	135811.40618132625
14170	131919.3470191586
14180	130929.49876019421
14190	133865.59410389967
14200	132028.26320397158
14210	127878.41752023369
14220	127127.5229614598
14230	127882.17330807698
14240	127473.887430474
14250	126144.70036846005
14260	123674.66176476341
14270	123166.29181091329
14280	123351.44556056049
14290	122663.6656634961
14300	121432.61605535052
14310	121286.68460459288
14320	119890.21950113936
14330	118895.38627623505
14340	116874.47972401022
14350	114000.25961671528
14360	115350.97146215138
14370	114036.62510862442
14380	112536.74630877943
14390	112190.32852152549
14400	112470.53974366597
14410	109084.72981811682
14420	108747.20108531961
14430	108443.57979795655
14440	108040.28760768037
14450	106729.4798586063
14460	105896.35777593404
14470	104632.19949432964
14480	104257.89028896272
14490	102327.19560775149
14500	101948.54168299038
14510	101376.93999830018
14520	100942.1003510299
14530	100914.17631032708
14540	98811.80153096613
14550	98509.66200860939
14560	98013.92488129142
14570	97807.87963204322
14580	96999.75522591123
14590	96573.58737485863
14600	96073.48915415132
14610	94877.76791349462
14620	93766.57333747494
14630	93949.12465698399
14640	93506.54242140843
14650	93380.21179056799
14660	91734.98003002412
14670	90533.10326818629
14680	90344.09611899685
14690	90614.81808190473
14700	89474.81331548803
14710	89610.00315018906
14720	90324.35281872944
14730	88137.88825391902
14740	87531.39995142809
14750	86592.19032638735
14760	85999.38083318908
14770	86549.93496420427
14780	84757.11871841532
14790	85630.00526121329
14800	84209.8211326233
14810	83692.77645764913
14820	81774.89152770251
14830	82282.7196255001
14840	82170.93559072111
14850	81433.44161095185
14860	80452.80415576108
14870	78989.28717852538
14880	78595.09627939365
14890	79241.22171543234
14900	78115.995392287
14910	78114.76117200356
14920	78635.53848648675
14930	77465.05356572011
14940	75731.45029616456
14950	75823.51680580048
14960	74410.42336929184
14970	74884.51826112819
14980	74306.29732161912
14990	73978.79564651915
15000	71863.18659813356
15010	70832.43850609956
15020	71663.048267159
15030	71230.4227793806
15040	71595.4101818378
15050	70788.34347893983
15060	70394.02474415231
15070	70552.35624112729
15080	70311.50621441097
15090	69248.51993166315
15100	68683.4774916497
15110	68683.00674794226
15120	68440.16798128524
15130	67032.67423469921
15140	66348.03173832677
15150	66167.10824500171
15160	65084.702338022194
15170	64919.543655426176
15180	64423.42168719568
15190	64343.136769819466
15200	62970.89947124399
15210	63004.03912386497
15220	62804.764527123436
15230	62103.619685536854
15240	62311.61517435032
15250	61960.48751065677
15260	61462.48009274882
15270	61211.01827003693
15280	60804.206495636194
15290	61266.139600409544
15300	60350.52944076772
15310	59791.073125635776
15320	59486.53176858753
15330	58554.29968896221
15340	59331.80875673514
15350	59210.45496559882
15360	58531.97037224577
15370	58127.158426185415
15380	57862.419666369686
15390	57548.72619643124
15400	56840.266424902955
15410	57270.270339368355
15420	57021.692920840374
15430	55994.62618763641
15440	55486.24939068227
15450	55346.13935196589
15460	54159.31709228692
15470	53793.0282841543
15480	54311.01889747391
15490	54507.03880426086
15500	53291.099022443675
15510	52828.62279916902
15520	52094.368805010476
15530	51353.068044702
15540	51573.733457692404
15550	50737.47743206433
15560	50898.72038163816
15570	50762.63273947615
15580	50313.50192495998
15590	50117.47498597693
15600	49327.66942655158
15610	48895.07748164572
15620	48662.501392664555
15630	47767.14074973547
15640	48163.54101635013
15650	47821.22663537936
15660	47210.49748230757
15670	46579.08115708773
15680	46818.177489525246
15690	46757.67307556317
15700	46192.107437164814
15710	45870.834565465375
15720	45334.91701023567
15730	45521.07608065706
15740	45108.12159559576
15750	44425.90622859499
15760	44186.44602524731
15770	44363.694824320264
15780	44046.850782379515
15790	44139.41841068419
15800	43537.430148918465
15810	43140.72532394382
15820	42762.99330088553
15830	42141.32890813427
15840	42111.54462240128
15850	42153.97833017351
15860	41826.606980240125
15870	41111.238148822886
15880	41198.314630507884
15890	40746.71599332167
15900	40124.17844349279
15910	40325.85172344328
15920	39833.8421066126
15930	39421.73625963214
15940	39089.50059245424
15950	39072.30271914261
15960	38848.567757212484
15970	38782.026006746695
15980	39084.591470220395
15990	38659.06788234827
16000	37717.879816487024
16010	38058.801859579144
16020	37743.45290210617
16030	38050.706499203254
16040	37335.324927123096
16050	37066.10885114944
16060	36645.62155128304
16070	36481.018113918704
16080	36203.31868212814
16090	36308.57683921375
16100	35949.82947089082
16110	36095.59152560709
16120	36253.79384012865
16130	36305.256414748204
16140	35600.720673639735
16150	35344.08965178136
16160	34702.59802815358
16170	34948.78387353172
16180	35002.34706501567
16190	34390.86888508342
16200	34108.494312688614
16210	33911.93545619249
16220	33881.24152653123
16230	33254.524854108495
16240	32955.78934183848
16250	32485.754175809947
16260	32320.989053915855
16270	32262.420207550687
16280	32281.392577980245
16290	32002.891088010983
16300	31539.248154575966
16310	31398.204074836867
16320	31083.35295165093
16330	31093.002392993396
16340	31202.308922531636
16350	31087.012408793442
16360	30709.2679590703
16370	30407.996846437058
16380	30353.566008024114
16390	30362.877985760475
16400	29993.101143401997
16410	29671.828399330487
16420	29373.718753337213
16430	29339.81297214583
16440	29187.620813054804
16450	29100.462268795483
16460	29035.421631991827
16470	28890.841309959367
16480	28603.512541405085
16490	28313.41054266093
16500	28129.967375678283
16510	28137.570602661563
16520	27695.54599914425
16530	27707.119337951382
16540	27877.219516831763
16550	27475.180997467785
16560	27488.838217592714
16570	26755.24819222956
16580	26374.05593634751
16590	26330.400399702445
16600	26380.211340894428
16610	26335.663668923342
16620	26105.30304457475
16630	26087.272189886313
16640	26111.38443903053
16650	25818.378738707732
16660	25568.82226904377
16670	25032.160578444604
16680	24944.742852059757
16690	25125.87767156465
16700	24868.50785066367
16710	24523.73532215782
16720	24502.301784522806
16730	24238.581731327184
16740	24145.43806447676
16750	23986.104642236423
16760	23824.679527188393
16770	23751.11639153571
16780	23382.203587898388
16790	23397.846546404922
16800	23575.418233059783
16810	23327.20135804234
16820	23290.97850061948
16830	22957.724213312435
16840	22790.30177809318
16850	22665.529648524967
16860	22640.887222415728
16870	22427.268502550443
16880	22425.554532561197
16890	22392.39747947542
16900	22058.365615120387
16910	22022.11900030678
16920	21983.785450802006
16930	22073.297556671056
16940	21787.002741100445
16950	21520.46047294185
16960	21396.71229240352
16970	21292.708066259718
16980	21421.361718954642
16990	21107.868799235537
17000	21033.727754102165
17010	21019.943872112075
17020	20742.75398369669
17030	20885.62867862959
17040	20794.97340929531
17050	20664.13246481461
17060	20360.60013785778
17070	20399.711612685187
17080	20101.52387277213
17090	19967.746127715902
17100	19856.705823010627
17110	19962.787013047942
17120	19705.21042177614
17130	19639.307013446207
17140	19407.315245040387
17150	19361.52132751096
17160	19043.752628821803
17170	19024.453135224278
17180	19013.71807062789
17190	18710.26380484591
17200	18629.557601248103
17210	18440.160200685154
17220	18431.483819420766
17230	18344.076022978556
17240	18425.70895964957
17250	18199.879848398647
17260	18139.210730401046
17270	18099.718049585303
17280	17818.59745366722
17290	17833.575229663413
17300	17772.251241865157
17310	17629.758306254214
17320	17549.115438837416
17330	17538.975250648244
17340	17447.68321640192
17350	17341.314159191745
17360	17309.140896618217
17370	17164.903807186194
17380	17099.254924508554
17390	17026.606449940857
17400	16800.40882979586
17410	16828.042172703474
17420	16866.682181842858
17430	16741.56266914815
17440	16500.300153640856
17450	16450.119110619027
17460	16455.584336462696
17470	16392.227133356228
17480	16159.176985511462
17490	16266.11946843769
17500	15987.816441923218
17510	15996.970112617455
17520	16017.83429996785
17530	15982.032453289505
17540	15902.420049344415
17550	15666.259265022087
17560	15679.87813618228
17570	15711.375009559422
17580	15681.40163414341
17590	15633.242521463166
17600	15410.070475522212
17610	15354.382493329525
17620	15161.794607857728
17630	15182.634752080297
17640	15149.671039795709
17650	14865.609437124402
17660	14929.3712764947
17670	14906.411154443515
17680	14760.16375840372
17690	14764.978220487295
17700	14731.915868187454
17710	14644.54513578309
17720	14534.689632866834
17730	14407.61840355486
17740	14280.957892157778
17750	14204.84622342127
17760	14237.371823740976
17770	14096.720908469004
17780	14060.208289366132
17790	13907.51987128852
17800	13878.778252196516
17810	13884.68593987194
17820	13784.049340886168
17830	13705.651653573135
17840	13638.026587565433
17850	13650.673287191068
17860	13592.907650654
17870	13451.569716475296
17880	13323.023162405116
17890	13302.297419016928
17900	13223.125256842031
17910	13168.062296935244
17920	13048.650441628304
17930	12970.467666435516
17940	12924.667550721613
17950	12891.233822101973
17960	12829.014734745502
17970	12794.888927495504
17980	12701.125663715999
17990	12804.709013035983
18000	12802.676518473414
18010	12721.296772533184
18020	12501.551154805902
18030	12534.706600584286
18040	12406.049920769216
18050	12498.833415780235
18060	12343.975765983803
18070	12303.286030690206
18080	12171.986902714583
18090	12034.15166525615
18100	12008.155199953277
18110	12026.361556583735
18120	11966.401277753183
18130	11878.079695356811
18140	11696.274440976948
18150	11661.000820221883
18160	11584.517453594168
18170	11542.270436379824
18180	11466.449723732609
18190	11453.575032553377
18200	11355.437614969267
18210	11352.718783031702
18220	11231.450187369532
18230	11224.662809258554
18240	11222.64329290564
18250	11080.772250924629
18260	11179.18800956567
18270	11087.39974382478
18280	11026.622178402982
18290	11049.091894739176
18300	11003.518576330216
18310	10920.697802918176
18320	10763.158741858011
18330	10791.967408396595
18340	10832.890539249283
18350	10782.900480288774
18360	10690.014460241735
18370	10605.42380551505
18380	10544.950777072792
18390	10493.90801101348
18400	10364.091006200979
18410	10444.979902443505
18420	10424.827539067057
18430	10296.203006794609
18440	10209.279304779215
18450	10211.985782770495
18460	10046.24646655399
18470	9959.572127927968
18480	9847.637669694355
18490	9897.213681771895
18500	9840.132889874501
18510	9826.959396872542
18520	9770.179615335046
18530	9726.80243305639
18540	9598.612628084777
18550	9621.419208470092
18560	9632.165586309626
18570	9666.70305359074
18580	9542.672121156515
18590	9438.444037292616
18600	9420.958641286908
18610	9387.125523924928
18620	9368.119917941178
18630	9275.480013108012
18640	9293.426343761541
18650	9180.072024810619
18660	9056.81249504386
18670	9047.790232286232
18680	9098.571781391009
18690	9094.936229143987
18700	8999.997613660013
18710	8937.661006266526
18720	8971.676151267828
18730	8883.633895394058
18740	8829.174526161709
18750	8786.938601773632
18760	8739.086386190416
18770	8806.102599806058
18780	8750.46531259604
18790	8609.655354911081
18800	8543.183581658202
18810	8494.622763159325
18820	8473.384503989597
18830	8425.919429592568
18840	8345.153867276793
18850	8330.315364944781
18860	8292.128445840597
18870	8253.14818687085
18880	8253.350171444978
18890	8190.703713155789
18900	8118.917228581843
18910	8118.726877423306
18920	8082.613463315381
18930	8093.087921020174
18940	8078.405948525151
18950	8003.749630276143
18960	8064.395949937934
18970	7948.8703790866975
18980	7869.5350126045405
18990	7806.817758860203
19000	7776.088072464236
19010	7742.9640985938895
19020	7727.878626247735
19030	7693.702362622673
19040	7669.926827764049
19050	7648.896162723247
19060	7638.512358955594
19070	7546.551061031037
19080	7500.171273471041
19090	7482.4846758231215
19100	7454.510892566861
19110	7394.356722635106
19120	7420.3454063623885
19130	7346.574324376313
19140	7317.471040400159
19150	7316.238052887609
19160	7362.21146116883
19170	7248.036534658147
19180	7248.334096409443
19190	7159.175226132814
19200	7082.923038898574
19210	7043.554749851355
19220	7022.518480831085
19230	6956.905756300846
19240	6944.614064781516
19250	6914.882575653359
19260	6890.442295594709
19270	6816.386396514281
19280	6843.751119013854
19290	6823.097854156562
19300	6771.987754408133
19310	6707.53464576212
19320	6645.3906833373385
19330	6593.829674517639
19340	6653.92474162646
19350	6634.070906873831
19360	6602.301057104411
19370	6546.527523148023
19380	6593.639873901431
19390	6551.055425525704
19400	6484.680130577181
19410	6443.689390697712
19420	6419.78333960991
19430	6407.148268286036
19440	6368.96201146777
19450	6371.641696861911
19460	6298.746429537129
19470	6291.813056051831
19480	6333.011616538433
19490	6296.9212571773905
19500	6223.189897922742
19510	6158.987867789342
19520	6176.663392578616
19530	6129.9310804428615
19540	6137.878774896745
19550	6091.134903537234
19560	6052.580418409004
19570	6048.552481955629
19580	5970.767017007117
19590	5969.6933507794465
19600	5964.249818583571
19610	5936.28473232627
19620	5874.123775795961
19630	5867.542713856229
19640	5861.144188031516
19650	5842.167073831909
19660	5781.720120903842
19670	5731.671029789866
19680	5756.303375020531
19690	5799.532691109531
19700	5687.646759948646
19710	5623.522041809793
19720	5598.41882561313
19730	5603.446992611829
19740	5567.359979138054
19750	5534.862772785022
19760	5540.612739245885
19770	5548.971433615986
19780	5539.346529608558
19790	5524.513217985351
19800	5457.525956404689
19810	5414.4565886844675
19820	5363.544612423379
19830	5377.97961887527
19840	5376.214819930333
19850	5316.384614640753
19860	5278.413677407126
19870	5256.603070309514
19880	5267.521780821508
19890	5227.900127722615
19900	5195.231859791062
19910	5214.190956099387
19920	5165.147972380424
19930	5154.588334936099
19940	5126.653806925748
19950	5073.437496951893
19960	5081.102724046764
19970	5061.310750373088
19980	5042.870128999307
19990	5022.540322503061
20000	4978.345726432857
20010	5005.845695274356
20020	4986.368749699929
20030	4956.603555691027
20040	4964.2775363635155
20050	4938.2379084930435
20060	4920.371905240051
20070	4855.706592344758
20080	4865.772632591534
20090	4850.576865599505
20100	4796.180045253618
20110	4757.8180358559675
20120	4801.065384590405
20130	4806.875254295501
20140	4794.524240490223
20150	4735.75496276923
20160	4727.490149009856
20170	4678.095537341206
20180	4641.3075330668635
20190	4661.612126616013
20200	4651.3866977339085
20210	4611.146528432906
20220	4584.88461786847
20230	4555.514679989919
20240	4529.166436867193
20250	4527.228367849777
20260	4477.918865741472
20270	4489.6276346208815
20280	4461.313416979399
20290	4442.992014068051
20300	4398.697366774281
20310	4383.983274285678
20320	4384.746471948923
20330	4392.0531413591825
20340	4363.356674668997
20350	4355.405531419539
20360	4337.304608632459
20370	4369.474908634164
20380	4312.323047651378
20390	4266.626436728776
20400	4238.1265943763265
20410	4235.772359272423
20420	4203.774846357191
20430	4184.872014414002
20440	4172.356271876839
20450	4180.601617880245
20460	4159.565745326675
20470	4139.637299759115
20480	4140.847256700547
20490	4141.87043611245
20500	4119.29797449128
20510	4142.044172600164
20520	4128.86344822055
20530	4113.620713267119
20540	4088.775083225364
20550	4043.123738203693
20560	4070.528809427876
20570	4081.902124298472
20580	4095.8635570931137
20590	4034.5413356266795
20600	3968.646502699666
20610	3998.0412189828708
20620	4003.7153097444384
20630	3958.1935408469353
20640	3931.918119436937
20650	3889.8918823130043
20660	3855.9464925720254
20670	3849.8421984473252
20680	3856.3620815352556
20690	3834.006717289526
20700	3817.8906685995835
20710	3847.1933680801344
20720	3809.247990682066
20730	3754.7695272001997
20740	3746.2709507000286
20750	3746.2861020936048
20760	3720.8951352736904
20770	3690.951331776807
20780	3700.789304419679
20790	3676.848716172338
20800	3657.707351638813
20810	3681.0523987988904
20820	3629.7624375218334
20830	3597.8068535759685
20840	3589.5580309373963
20850	3604.3131269113314
20860	3605.912078785662
20870	3597.836227827757
20880	3562.4321938090757
20890	3560.1417236244647
20900	3501.545866070544
20910	3509.002596133517
20920	3519.846012992485
20930	3503.278598091381
20940	3458.8422211930574
20950	3451.734153207378
20960	3458.0731525600772
20970	3423.8731382701276
20980	3403.6318280748706
20990	3381.598151342565
21000	3377.36711632385
21010	3389.334812894679
21020	3365.1111092845094
21030	3361.7804719601604
21040	3345.423854372273
21050	3325.5820339651013
21060	3318.012575495638
21070	3317.1766885207203
21080	3317.6390038775526
21090	3306.2937188562337
21100	3276.6351341157815
21110	3263.172233286291
21120	3286.550660870709
21130	3253.6667425263468
21140	3259.760907497319
21150	3232.301428319136
21160	3254.289765922676
21170	3251.2327264155692
21180	3213.3941823737628
21190	3198.5835800357454
21200	3181.2204068815386
21210	3162.5687880071473
21220	3194.9635966277833
21230	3170.870208041796
21240	3178.7819481556385
21250	3156.0505271317375
21260	3115.8488080478455
21270	3125.422365456692
21280	3101.691311557232
21290	3083.2306343441373
21300	3080.0006260153664
21310	3059.148853986879
21320	3045.5171227937826
21330	3063.3543181560376
21340	3046.467922939719
21350	3026.8374889126576
21360	3010.3194072882247
21370	3038.4683624392305
21380	3048.02975560036
21390	3007.7483186382083
21400	2993.6909229780345
21410	2980.554760008114
21420	2939.9159785687207
21430	2941.116780510235
21440	2928.17947743041
21450	2922.8861156335843
21460	2911.5085912314635
21470	2887.8872612094146
21480	2881.891056673811
21490	2844.8813977840664
21500	2854.2456941363234
21510	2844.1626885724636
21520	2863.31398913667
21530	2853.4998159392494
21540	2849.9077857126845
21550	2837.70622779329
21560	2818.143382998439
21570	2848.1396344939226
21580	2844.7792679706645
21590	2810.6122120079995
21600	2799.7855658849116
21610	2760.355308536885
21620	2742.781904798447
21630	2748.8295986078906
21640	2752.638525462416
21650	2746.041169617824
21660	2727.2256749159747
21670	2713.313123565792
21680	2698.4648901193536
21690	2672.9151630441547
21700	2660.5623724724346
21710	2650.865769313529
21720	2650.3016425383207
21730	2657.505757500468
21740	2644.7100726897584
21750	2633.8536512954015
21760	2635.1422662455775
21770	2609.1023421574523
21780	2603.273091139617
21790	2602.8247238675335
21800	2589.2571658530237
21810	2562.5181314265265
21820	2564.7249370300483
21830	2548.460955387628
21840	2542.1671636669635
21850	2545.5920092229712
21860	2550.0237484166905
21870	2551.903944158575
21880	2562.6383894113947
21890	2549.348629616128
21900	2523.610481953764
21910	2503.0763335356655
21920	2481.0367912402708
21930	2465.2886583703157
21940	2469.771851635694
21950	2445.3905199332976
21960	2432.951933192991
21970	2440.737752881352
21980	2421.9716187488875
21990	2405.0123985806936
22000	2420.942783119082
22010	2414.910501377657
22020	2430.6139179666948
22030	2417.483477769695
22040	2411.8943231419958
22050	2405.407643647772
22060	2395.7789295743232
22070	2378.6632047363682
22080	2382.3650873629663
22090	2345.982917083687
22100	2361.5902114746473
22110	2381.769612868977
22120	2355.98509185991
22130	2351.3315054840637
22140	2333.8615649464073
22150	2322.3419600568436
22160	2298.710883706255
22170	2291.7872367370105
22180	2288.0124251556153
22190	2273.48275934907
22200	2295.501356542716
22210	2277.370354106073
22220	2249.062249599581
22230	2244.5771376654097
22240	2244.49709088248
22250	2250.7217265419918
22260	2233.6289663033012
22270	2239.617176968131
22280	2247.3504115041346
22290	2247.119301650706
22300	2222.656275426686
22310	2233.4254520466175
22320	2212.4756465874716
22330	2201.665920266119
22340	2195.3939561075995
22350	2189.975291573824
22360	2203.3367976341306
22370	2172.388383803616
22380	2166.0645356092673
22390	2169.845467111426
22400	2152.8260184605733
22410	2149.4649657476753
22420	2150.837515313104
22430	2149.752597530823
22440	2139.7740242903214
22450	2144.0394147018364
22460	2156.465864073037
22470	2133.3136736558404
22480	2138.326054113966
22490	2141.495230405456
22500	2125.395486572598
22510	2139.3063307009206
22520	2110.980768627186
22530	2119.028891103762
22540	2092.6211733933574
22550	2088.5600834811235
22560	2085.2950646145214
22570	2085.7919802370193
22580	2092.5790102244346
22590	2094.023791332261
22600	2081.8953317461182
22610	2074.8985025681764
22620	2064.526625022412
22630	2065.92521272713
22640	2056.486510711861
22650	2042.4350129530046
22660	2042.9473283387536
22670	2059.543106808245
22680	2077.652217503859
22690	2059.7379940053042
22700	2029.0892787083792
22710	2021.878120868857
22720	2039.3302912555566
22730	2029.4742840880094
22740	2004.9220961143574
22750	1988.1727924069746
22760	1985.2463698990348
22770	1991.4688688419035
22780	1972.923346011446
22790	1960.3062291574038
22800	1956.8572878883126
22810	1949.7490152722235
22820	1930.0747720800096
22830	1940.333873420534
22840	1938.8755666716777
22850	1937.6557382937638
22860	1915.9113149979853
22870	1905.737002987322
22880	1906.1439960321097
22890	1897.9946634421483
22900	1887.9545791706894
22910	1894.0873193822956
22920	1869.7083860280425
22930	1870.925727786973
22940	1861.85441898609
22950	1869.8034557800029
22960	1885.2715007130348
22970	1867.223418369366
22980	1860.096324493054
22990	1850.7434525775172
23000	1824.6596754835402
23010	1818.2171140886016
23020	1824.711432363962
23030	1825.1105082089312
23040	1822.869232326653
23050	1806.8270435382153
23060	1800.2881079153783
23070	1798.2395182235673
23080	1794.4576515916663
23090	1796.651833165506
23100	1778.9150100294241
23110	1783.3565863322588
23120	1764.8623966190098
23130	1766.5835150595742
23140	1758.1489874982778
23150	1763.4707913425873
23160	1763.978510228547
23170	1747.5342485086962
23180	1733.7342095080348
23190	1732.428932023702
23200	1714.2161599923124
23210	1734.4717315241326
23220	1741.719198590698
23230	1731.7613415585292
23240	1711.6238625374685
23250	1723.9437448196313
23260	1713.6175222305626
23270	1717.4935167341948
23280	1701.2705640062454
23290	1692.0792063707097
23300	1688.8616951923968
23310	1678.5602257753233
23320	1665.901334654462
23330	1671.8676289635455
23340	1674.5218779771174
23350	1665.6938357153788
23360	1655.467046471609
23370	1651.7025021949528
23380	1656.999322861606
23390	1650.9773510609211
23400	1642.8322729252134
23410	1629.7875916418573
23420	1618.9011605145386
23430	1626.3426183484028
23440	1613.272096879207
23450	1607.2008098387037
23460	1607.808527463127
23470	1609.9596107361785
23480	1604.8145937075544
23490	1599.4807931733935
23500	1603.6673827837465
23510	1616.477768355737
23520	1606.8479988062393
23530	1598.735418131153
23540	1580.9776992300363
23550	1581.300036873516
23560	1579.129073643122
23570	1567.3533977994853
23580	1568.8908917015704
23590	1562.511776453796
23600	1548.6322467102382
23610	1550.579362801983
23620	1547.7216709948834
23630	1557.0980535639483
23640	1567.7536397679096
23650	1546.9601871083921
23660	1553.012857307764
23670	1543.1110234483315
23680	1537.6452728794134
23690	1527.1545063811236
23700	1521.3015327589155
23710	1524.3835714343427
23720	1516.297104327602
23730	1501.9157393550934
23740	1494.0201712815674
23750	1494.451162040973
23760	1484.846201692455
23770	1484.5149618668368
23780	1482.0332118619042
23790	1479.729339300742
23800	1487.762023770444
23810	1485.6819787225513
23820	1479.5112307188144
23830	1474.3308226760087
23840	1477.6706037150802
23850	1467.1357077576968
23860	1468.6358508954477
23870	1469.34637535238
23880	1465.5580696299376
23890	1454.0682275196307
23900	1446.9343607405795
23910	1444.501775778829
23920	1438.8591837970985
23930	1440.3171302036362
23940	1429.8725975007067
23950	1438.9187709724376
23960	1439.5021482839006
23970	1435.2094475896085
23980	1438.407738967921
23990	1448.2453983919781
24000	1413.0760336641551
24010	1407.029499090694
24020	1412.569954148123
24030	1413.5593122650257
24040	1416.4492144225899
24050	1406.836278479523
24060	1391.5197765994756
24070	1392.7904683092825
24080	1383.0919326915052
24090	1380.9442060040572
24100	1385.8404107988706
24110	1378.7208465504557
24120	1380.1698248116393
24130	1360.5774398886563
24140	1353.42423546632
24150	1369.4195441801535
24160	1363.7807153608167
24170	1352.427230255798
24180	1344.653136415394
24190	1347.395841573045
24200	1346.5542121337764
24210	1331.608236885559
24220	1333.2480824412523
24230	1327.084402067744
24240	1318.7803991571634
24250	1315.3185050105767
24260	1304.0830951622822
24270	1298.4300405066153
24280	1296.484956577967
24290	1287.433417929968
24300	1292.8872802006224
24310	1297.509318934166
24320	1291.8174799000205
24330	1280.1805285368885
24340	1278.6213485826552
24350	1275.3639909634167
24360	1276.0695503181523
24370	1268.6453026936033
24380	1265.6976956265273
24390	1264.8155439850175
24400	1259.9689547782625
24410	1252.8026867671126
24420	1248.2058470844745
24430	1249.025712533806
24440	1248.9757960074926
24450	1240.6841878032951
24460	1236.9122561609438
24470	1231.7305355986514
24480	1239.2253626835522
24490	1235.1570554345058
24500	1234.9097163630797
24510	1223.546784856788
24520	1218.9637046313849
24530	1226.587662374187
24540	1214.1994876668796
24550	1204.9897768246888
24560	1199.315831965313
24570	1200.309494958749
24580	1201.69158332589
24590	1202.9468991066778
24600	1198.2988731906485
24610	1208.7685278596039
24620	1199.876967619894
24630	1188.7617614871633
24640	1185.875532468158
24650	1177.6709670588102
24660	1183.081947058941
24670	1186.9473438051896
24680	1188.0307769869826
24690	1180.831854927017
24700	1180.3902947635586
24710	1178.465351413078
24720	1175.180066856237
24730	1174.2186935635925
24740	1162.9216569341127
24750	1158.035933935993
24760	1156.1477907257538
24770	1153.4136959318173
24780	1150.2773037519385
24790	1150.4281483726147
24800	1151.5107885498307
24810	1144.0910897891201
24820	1143.3855768044536
24830	1133.5999738334738
24840	1138.2215243487658
24850	1142.5143913711347
24860	1130.7404151941944
24870	1120.9876994112553
24880	1131.0147812691457
24890	1136.2908832690568
24900	1143.5568056260013
24910	1121.430355337117
24920	1116.8433034279058
24930	1120.4209073596583
24940	1120.673610602011
24950	1120.7397330744705
24960	1110.8775932982567
24970	1100.1495984228104
24980	1103.3893488878837
24990	1100.068818620934
25000	1097.4837924839721
25010	1094.6158871830123
25020	1083.9201475379602
25030	1090.487475916272
25040	1090.979747470431
25050	1080.7109642726568
25060	1080.2209923975101
25070	1084.7478055782174
25080	1086.200054579129
25090	1084.6882028453085
25100	1083.169039294202
25110	1068.4870058729077
25120	1060.7814570129938
25130	1059.7070789043735
25140	1059.7876673454905
25150	1051.018758560265
25160	1058.0871334017666
25170	1042.8846054074818
25180	1045.7300525196954
25190	1043.093805069194
25200	1037.7666409824615
25210	1032.7582026725952
25220	1037.4675209314391
25230	1032.5017918304804
25240	1028.966134963264
25250	1025.5753915244568
25260	1028.9939556064298
25270	1025.2443731988033
25280	1023.7301486900326
25290	1019.9095620644015
25300	1024.704307798557
25310	1027.790165748068
25320	1014.7531665491617
25330	1006.4185693171221
25340	1002.2542501524055
25350	1006.2387244978197
25360	1000.7579241079201
25370	1001.9882675611924
25380	996.5436762651375
25390	999.3785959284301
25400	995.4447135952322
25410	984.915945893404
25420	979.7598530108392
25430	984.0169750079526
25440	983.2073428488474
25450	979.2651452194062
25460	973.4228356835229
25470	969.4660102953854
25480	968.7362968631976
25490	963.1277101897185
25500	966.0323574143968
25510	961.9952684560255
25520	960.8622097277572
25530	953.330878524666
25540	955.4552452059417
25550	960.4239629090912
25560	964.0755662984409
25570	947.3873854761013
25580	954.1182513972274
25590	949.6773809475702
25600	945.6387178954673
25610	937.7513923158072
25620	933.7096671874154
25630	932.8481924185743
25640	930.7091281723368
25650	934.700899264595
25660	931.8536695149629
25670	928.4645764115492
25680	923.6897075449524
25690	917.8126398246898
25700	918.3915447988147
25710	919.6739196532295
25720	922.7480329062984
25730	919.2732033225046
25740	924.2367996227792
25750	913.340779405218
25760	913.3677649070398
25770	918.8397709920433
25780	914.0058674336643
25790	914.2438463734984
25800	904.4003859964697
25810	906.3047236446935
25820	905.6366959753457
25830	898.8995370781729
25840	904.3838635814332
25850	907.0831159539603
25860	900.0806702978299
25870	896.4768590400043
25880	893.6185411765917
25890	885.728388856733
25900	887.378092982668
25910	881.1558983495787
25920	882.797369448329
25930	877.2176773250743
25940	870.2041760504093
25950	868.6329729908856
25960	867.2204929339375
25970	864.1766634125048
25980	858.0559591538973
25990	856.1618249929699
26000	860.8103789930925
26010	862.6262713222267
26020	861.8365250269899
26030	857.2250532616878
26040	851.7714025518329
26050	849.7912615745734
26060	852.7125813199018
26070	849.4553536660021
26080	848.7498277939164
26090	848.7303631196795
26100	851.7799350462604
26110	848.6794649814425
26120	847.5909704785286
26130	847.9609145509921
26140	849.525496598045
26150	843.4211241200509
26160	842.1985211521859
26170	836.068161010241
26180	831.5940701948736
26190	828.9114446088078
26200	833.427271035482
26210	837.863954703207
26220	829.7976761065192
26230	824.9585611056765
26240	822.4896139881926
26250	819.642890755131
26260	815.4639970172914
26270	812.1890210661537
26280	814.7206440808451
26290	814.8546597121506
26300	808.4878392811012
26310	802.7346009898804
26320	799.4054137425587
26330	801.8674051666538
26340	800.2328188105332
26350	797.1965874189891
26360	792.3501917359982
26370	791.5824001657585
26380	786.9269973530546
26390	786.5660201541727
26400	785.4977021784495
26410	787.8120016970142
26420	792.1848734114532
26430	794.6030920097753
26440	786.6407032647562
26450	785.9939977255626
26460	785.6887110006467
26470	786.2283132467278
26480	781.6190752546108
26490	781.7803452871125
26500	778.0267550745939
26510	781.0115577698718
26520	770.7535560136236
26530	767.2739649197996
26540	765.8184604909816
26550	768.56267595911
26560	766.6215192650153
26570	770.1763836457837
26580	767.3971083539559
26590	761.9216932781843
26600	756.3642010150303
26610	763.0593055904246
26620	758.799240620269
26630	755.2278508377199
26640	754.7678657068352
26650	750.4614157764823
26660	746.5854812233869
26670	745.3731489778841
26680	744.367069179393
26690	741.7812507011175
26700	738.8282144360754
26710	735.6656345443606
26720	738.6851579945541
26730	739.4139733225626
26740	740.0195289930674
26750	741.9583852255222
26760	741.3874060555555
26770	737.8358296104877
26780	740.3741594160352
26790	735.9725576349314
26800	728.7941309017623
26810	729.4340047398903
26820	723.6772169092669
26830	732.149598331062
26840	727.7250330224057
26850	720.6647007550175
26860	718.9708210299541
26870	719.7450579932469
26880	720.2091689609432
26890	715.301175667512
26900	708.6805631007904
26910	708.8687751726267
26920	704.4992620494769
26930	703.8748338264376
26940	702.8613023701604
26950	700.8787791736246
26960	699.9114248323971
26970	704.693359251636
26980	703.2391571870021
26990	697.0400679899049
27000	700.7976547257831
27010	692.2446012643575
27020	694.526206809399
27030	689.3583025491113
27040	697.288419971164
27050	687.6612488280413
27060	690.997555348746
27070	697.3909768298884
27080	691.6682769350398
27090	688.2263711704514
27100	684.9990231485771
27110	683.4287822665661
27120	678.6686216071562
27130	679.2950271096776
27140	676.9187822325285
27150	673.4744500050415
27160	678.13428550765
27170	674.554909371982
27180	675.0828750679299
27190	670.2382466349658
27200	669.2105130607374
27210	663.8329343545921
27220	661.1732867453094
27230	656.3909000593671
27240	655.673196015678
27250	654.9767350812798
27260	657.944526097036
27270	661.0984014796261
27280	657.7524192150096
27290	655.9930510764416
27300	658.5160361848192
27310	654.2844666263517
27320	650.3884538233938
27330	650.7540410066106
27340	644.4143654606688
27350	643.0085241113717
27360	637.9763067122368
27370	637.9354550793603
27380	636.3221786186159
27390	636.0253731951589
27400	645.3981590191285
27410	635.328716397053
27420	636.1678848530385
27430	639.4558129992733
27440	641.9014986535275
27450	638.1166222578563
27460	634.5134013665945
27470	633.9214151627747
27480	630.5766411769246
27490	628.4614687125872
27500	625.0668285766034
27510	624.592144654081
27520	625.0872068867816
27530	621.5123163063604
27540	624.5447427348067
27550	619.8099524080999
27560	618.1771290879931
27570	622.3520803347959
27580	620.4872479686454
27590	617.8630940878701
27600	616.0383305269881
27610	612.9735544549159
27620	611.8790666122935
27630	615.0972438029767
27640	615.6501749991343
27650	610.4605221957991
27660	610.8712123883756
27670	610.4939788581437
27680	609.9646180604971
27690	604.535674292074
27700	601.5968346747785
27710	602.2235556010651
27720	605.11250826105
27730	606.642759281196
27740	603.3364407418197
27750	597.9512544251994
27760	598.5530835159946
27770	595.394731747884
27780	597.4058800439001
27790	595.1242285681008
27800	593.8479246467715
27810	592.9205699592368
27820	589.7851010018993
27830	597.4895416720213
27840	590.4991982469147
27850	586.2279817032851
27860	584.4469759618261
27870	586.9357384359568
27880	582.6448273958051
27890	584.6374053742751
27900	586.0692146083752
27910	580.2694250870115
27920	581.4908209788209
27930	582.1636301785438
27940	582.5279403424242
27950	582.3975766178345
27960	582.9229799853949
27970	590.0047395213682
27980	585.2168616854372
27990	580.21941736368
28000	585.1388592263501
28010	583.4495250089868
28020	581.7196473872023
28030	581.0150231707536
28040	579.5275622708041
28050	580.4064672158121
28060	580.7790378411952
28070	582.5298477510012
28080	582.7200218652565
28090	576.9714145700758
28100	574.6612152786231
28110	572.4568306158344
28120	568.8148641091135
28130	568.5082731485637
28140	564.7015476369353
28150	560.9366517103955
28160	561.1162708271379
28170	559.4231291666927
28180	557.7677645647323
28190	549.9236495143174
28200	554.0067137304263
28210	550.4987699327811
28220	550.7315822885234
28230	549.5268420013018
28240	548.2515364931089
28250	545.0931851279666
28260	549.8022030600296
28270	544.7818039914463
28280	544.4627542164969
28290	542.6704671365362
28300	536.4974131599299
28310	533.9028903925682
28320	533.7113641805689
28330	533.3154025788896
28340	537.5576739342976
28350	535.9121441127004
28360	535.968401694057
28370	530.9363968642838
28380	527.997041793484
28390	530.24970297893
28400	530.754907326127
28410	525.7619075759031
28420	526.1952884375353
28430	524.8226005118826
28440	520.4230650489229
28450	517.5788800940945
28460	516.3973619306408
28470	515.8277875290129
28480	514.2394578775103
28490	515.2432768104834
28500	516.6202612990554
28510	515.8836770824398
28520	509.15350055528603
28530	505.59860401311533
28540	503.2426147572407
28550	500.74583752315567
28560	500.72026388499796
28570	500.1559257811825
28580	500.71004721470456
28590	496.6816130619835
28600	500.3075425526743
28610	496.84758807142435
28620	496.8748845526486
28630	496.29757418550497
28640	495.1438372922781
28650	494.0942225059267
28660	498.2009203087851
28670	490.33033960504105
28680	490.51851165940417
28690	489.53767518949087
28700	487.03217488956415
28710	489.0078109347134
28720	483.96784810948003
28730	482.86160369945213
28740	482.63046045087816
28750	483.42875085494296
28760	484.62261257720303
28770	485.36300492410794
28780	486.53822361212707
28790	481.60050557286837
28800	484.4284804856822
28810	479.68869392747973
28820	480.59692817225573
28830	481.26613102577215
28840	478.69327935815573
28850	478.93154822504846
28860	479.94766223452956
28870	478.6760746933986
28880	477.38216633886884
28890	475.6995842660519
28900	475.2749386794321
28910	471.69700287248133
28920	468.77884359818796
28930	465.5966355509759
28940	464.6560262273788
28950	463.44851325946007
28960	462.73155332447345
28970	459.7422206764451
28980	460.7704082697324
28990	458.22541920607426
29000	458.7700154430227
29010	459.39815025096243
29020	458.24551580369297
29030	457.03491646754
29040	455.6920515787582
29050	452.8636822585215
29060	456.0785352894063
29070	455.93042686401606
29080	454.520007268617
29090	452.25325301232465
29100	452.3182075690822
29110	452.79765527039564
29120	453.3757039630157
29130	451.2467602857375
29140	450.67217903113357
29150	446.1822158911445
29160	444.1605320444418
29170	442.6967368670163
29180	440.80875531796306
29190	444.47953823113056
29200	444.69972729705626
29210	444.67164970634605
29220	443.009601737795
29230	443.35198456808234
29240	445.46279462397047
29250	446.5877148458945
29260	443.20937903716464
29270	442.75728691190005
29280	440.4944484222799
29290	441.39798222139314
29300	440.70996273815047
29310	437.9161373711631
29320	438.28039411876597
29330	438.35802632660926
29340	440.1530125503298
29350	432.8565123864581
29360	428.1103238829153
29370	429.8481569691316
29380	430.29935235986926
29390	427.77709096581674
29400	426.9058484002004
29410	426.276510043866
29420	428.3712752632907
29430	426.31302587404144
29440	428.4711155242812
29450	426.4192618970178
29460	424.6563057294668
29470	422.0803735132866
29480	423.2297784652489
29490	426.947507204899
29500	425.06918113711265
29510	422.6529032734762
29520	420.6076816140166
29530	420.1831591712672
29540	420.8264060511274
29550	419.8616137467683
29560	417.6224770331706
29570	418.0024944016479
29580	417.5289702191585
29590	414.4952407062898
29600	413.6420110793427
29610	413.0917786554181
29620	411.6100957818682
29630	412.0887899192622
29640	411.73407179185665
29650	413.5753773910601
29660	412.07022104358083
29670	412.79304797151997
29680	411.6997324154366
29690	408.48792964419175
29700	409.1700080229345
29710	410.95609373862465
29720	406.9312431360319
29730	407.8120824606322
29740	406.28129490980314
29750	407.606280964206
29760	409.02515774812235
29770	405.5493646586321
29780	406.18168811155465
29790	405.6386236662312
29800	402.2482348841211
29810	402.3172826801845
29820	398.63447584139954
29830	399.0711582292053
29840	399.41154577389636
29850	400.26436447333714
29860	398.8972878275629
29870	399.38560982842756
29880	398.61363297763376
29890	396.29516830335865
29900	397.45413044268486
29910	394.80549250767865
29920	394.5665961155004
29930	395.4535603354844
29940	395.51632308033123
29950	398.1529998822436
29960	390.79569499567197
29970	391.1028497780944
29980	387.4324716410134
29990	387.988124104633
30000	383.496890010605
30010	382.91929564407604
30020	381.5856296824905
30030	381.26884122529646
30040	381.38281247983065
30050	379.09718463792683
30060	378.73599218301905
30070	378.12758392679524
30080	376.3850015577047
30090	376.45795109141307
30100	378.67075446185027
30110	378.4838099649935
30120	374.99607550018834
30130	372.5849622509065
30140	373.22021057106645
30150	374.4950997885095
30160	372.148975113489
30170	376.05173144794696
30180	371.45222729959744
30190	373.6710093436179
30200	367.9134265627579
30210	366.6341196416254
30220	366.4290696738148
30230	365.9774152859133
30240	364.93305135435855
30250	363.06161974880916
30260	362.06750707684625
30270	361.6626797928277
30280	358.6241528509009
30290	357.3261671583199
30300	359.45472477622513
30310	357.30496765660246
30320	353.48256231956117
30330	352.68537846554216
30340	351.68183669000507
30350	351.3245600807383
30360	352.7170544608151
30370	350.3241779479264
30380	350.34601541281063
30390	351.40175654528446
30400	346.98684001470895
30410	348.714486143881
30420	347.5640796937079
30430	348.15590661072724
30440	349.8745841479112
30450	348.0882760274556
30460	343.1476987618208
30470	344.4692441147577
30480	342.98017743385543
30490	344.2918359251217
30500	344.70080451654366
30510	341.47809925653655
30520	339.19383786162814
30530	339.9751391530282
30540	339.92139739335505
30550	338.4682689007667
30560	342.3308712924585
30570	339.17677846630806
30580	337.02762889317444
30590	336.9712974694762
30600	336.1634265367378
30610	334.02305894290623
30620	334.62597311386986
30630	332.20313253754387
30640	330.8855369998586
30650	330.33094597603343
30660	327.49858393993253
30670	328.36399318203524
30680	330.9668028054424
30690	332.412852775528
30700	330.4717566177594
30710	328.40628345255215
30720	327.56978126509307
30730	328.57105983773914
30740	326.9404496304289
30750	325.68140976299117
30760	324.04694312867144
30770	326.33977559605177
30780	325.9454829699396
30790	325.81322907112343
30800	326.7330688494141
30810	324.08570222493
30820	328.4709796627814
30830	325.8875327233366
30840	325.63378515030735
30850	322.07199385920325
30860	322.86453956101394
30870	320.0902742802508
30880	321.32596239714377
30890	320.5903697512897
30900	320.4605680342551
30910	318.5619867327872
30920	318.0525729110932
30930	318.9942484579586
30940	316.8576863030443
30950	315.931598778094
30960	316.3645599425754
30970	315.88719606823616
30980	316.05873805664544
30990	315.19294170498387
31000	312.4308649364163
31010	311.81527823208506
31020	312.1423259066423
31030	313.0340545227709
31040	311.45002611119344
31050	313.25873108533636
31060	309.8262247807503
31070	308.75420906667244
31080	308.6812940883443
31090	309.5611694767184
31100	306.35931166278334
31110	306.1876725290763
31120	306.6055085425691
31130	308.12341720894466
31140	307.0007336839763
31150	307.65312462254747
31160	305.4532280694061
31170	302.17992918336415
31180	302.30266008804375
31190	302.969154833777
31200	302.21225911828145
31210	300.9285891197431
31220	299.8356761066327
31230	297.84393701644865
31240	299.0505225421135
31250	297.1495543161056
31260	298.43389036696556
31270	295.7223646341253
31280	296.31438081114055
31290	295.6659978612372
31300	293.16156514997505
31310	294.9399414557927
31320	291.2600572213828
31330	290.5161178261668
31340	289.95944266062236
31350	292.20400145207293
31360	289.4768618269668
31370	290.84740649701075
31380	289.38543303982163
31390	287.645098485657
31400	283.35524448546346
31410	284.0227528166686
31420	284.23973595592355
31430	285.59048132567915
31440	284.4703135222379
31450	283.49807306907
31460	284.06283046259176
31470	281.5277363258443
31480	283.6508460870016
31490	283.008855366542
31500	283.48506838214865
31510	284.17508964548455
31520	283.97630332420766
31530	281.95807279305205
31540	279.40650133828564
31550	280.6584025792317
31560	275.8622012603074
31570	276.8113076166638
31580	275.05369891117596
31590	276.9515260899387
31600	277.8505718768202
31610	277.0117757561448
31620	276.6514105510315
31630	274.4191078252169
31640	273.267304901681
31650	275.10624356989604
31660	272.4623004025743
31670	273.7270260031219
31680	275.6102634804913
31690	271.32838828991294
31700	268.9371521125665
31710	268.13503683496975
31720	266.27744876875283
31730	264.3350545499666
31740	264.3758930649764
31750	263.09256734117207
31760	261.595087608883
31770	260.5745839355337
31780	261.73545204467246
31790	260.73971072749225
31800	256.50337817905523
31810	256.18337088791304
31820	256.8169265403655
31830	258.6816487461503
31840	257.0766586883859
31850	257.2981106583214
31860	257.81303225001716
31870	255.69343854678124
31880	254.05774191623374
31890	255.336346696379
31900	255.15876712467474
31910	256.83197140707165
31920	256.51502894505995
31930	254.33523932811374
31940	252.7436929347559
31950	253.46971934644537
31960	255.98561847236505
31970	254.57363425730563
31980	253.926636837638
31990	250.63455541539116
32000	248.51985017631623
32010	245.65759495366905
32020	246.84656576743834
32030	246.22633379244587
32040	245.61909175031863
32050	246.23882372101008
32060	246.28249570792548
32070	248.64531954264316
32080	246.59662950941978
32090	246.8579833706828
32100	247.2223176101613
32110	246.81101229838654
32120	246.80571736789193
32130	245.49615829384703
32140	243.06124376662078
32150	242.02714717583885
32160	242.37959705581434
32170	243.39443933390714
32180	240.7610811218113
32190	241.2308873353285
32200	239.78560970044683
32210	239.40436793728495
32220	239.81111682818815
32230	239.9800043442253
32240	241.47139428928668
32250	239.28236299960386
32260	241.74713580277705
32270	241.35293360884663
32280	239.1903408350731
32290	239.27936449976627
32300	239.16810121246044
32310	238.07635929995766
32320	237.6527286914137
32330	237.94991427972093
32340	237.72656257865378
32350	237.52357270222754
32360	238.69965533649827
32370	235.93314885116416
32380	234.8629677123232
32390	236.65652300823885
32400	234.21020467042555
32410	231.86304950251807
32420	232.188013310131
32430	230.71456770743274
32440	228.86320997152177
32450	229.48115782334213
32460	229.14030444932433
32470	229.3399393145335
32480	229.5819941095
32490	229.27495647861954
32500	231.36732596455641
32510	229.47328894187189
32520	231.5216468380577
32530	230.57829366493027
32540	228.26479855968626
32550	228.3729311375091
32560	225.9656715217376
32570	223.560142333682
32580	223.75659628172863
32590	223.7332063151136
32600	220.97925556333084
32610	222.0991929277984
32620	221.5437093525673
32630	218.85057863119619
32640	218.18912247754875
32650	218.32050080573515
32660	219.23649789318233
32670	216.11573591195577
32680	220.20588609599275
32690	219.21767583793812
32700	217.35771616164865
32710	215.434275390738
32720	217.41282553736966
32730	216.5464174012019
32740	216.12764171181263
32750	215.214129110567
32760	213.60137926234455
32770	214.4899591860702
32780	215.25578883375715
32790	214.17696968022398
32800	215.04630451774435
32810	212.74463848965445
32820	211.8333306620028
32830	210.70851416969765
32840	210.5872818338696
32850	210.7901520170504
32860	210.34508083052665
32870	210.85676720267963
32880	210.83168437210574
32890	208.22262357688612
32900	206.87587263702548
32910	207.51053387548916
32920	206.35039813612096
32930	205.87595318898784
32940	206.47996050458877
32950	205.1863354707248
32960	204.3562474388853
32970	204.5217672182701
32980	204.89358863179373
32990	204.9706497600324
33000	202.04717029180864
33010	200.98281142303122
33020	200.15922756736464
33030	199.752797095955
33040	200.68866793805114
33050	199.76525499940703
33060	199.2052485035652
33070	199.16490252156845
33080	198.81738386817946
33090	198.15562534977462
33100	196.92254098562532
33110	197.06475084238167
33120	196.60194665632073
33130	196.32717543796727
33140	196.0904160179456
33150	193.94960234716015
33160	192.78672252858132
33170	192.4550689317117
33180	192.18738322169116
33190	191.80279570400546
33200	191.52922834334666
33210	190.22865806366252
33220	191.0972910358343
33230	190.97105425862557
33240	190.5057746180011
33250	189.68433455345314
33260	188.94162389415447
33270	188.39567310155925
33280	189.12384402284727
33290	190.04407716108645
33300	187.91546884789798
33310	188.42122973412737
33320	189.0611128037846
33330	189.91701983531226
33340	188.43269321460355
33350	189.5791208907569
33360	188.52405714688902
33370	188.88836356100597
33380	187.29959601436386
33390	186.835201998856
33400	185.78373228314405
33410	184.87802747831032
33420	185.33766662620542
33430	183.8665267743187
33440	183.0747294386981
33450	182.16343222279778
33460	182.23305339470562
33470	181.5583762971305
33480	180.90613802788147
33490	179.1761345375985
33500	180.53321732520115
33510	178.97707258419692
33520	176.57373945586005
33530	174.4954569387369
33540	174.97081367691527
33550	174.35884602635488
33560	171.47154379259572
33570	171.61642683177422
33580	172.1241806524443
33590	171.10319335312002
33600	171.1012564237358
33610	171.23639329281767
33620	171.499517001756
33630	170.49823556884232
33640	169.5299723424675
33650	169.68408409834862
33660	167.8843461314073
33670	168.0759042685995
33680	168.03318862935495
33690	166.7092735116349
33700	165.37965505385333
33710	165.51512749032534
33720	165.5132946040766
33730	164.89872158506725
33740	164.97211180422477
33750	164.93486367541738
33760	163.46265631801788
33770	163.6295890508522
33780	163.50054705916708
33790	162.55850797713632
33800	161.5050010746618
33810	160.95846653056293
33820	159.71771589834995
33830	159.3299922979817
33840	160.11989440164123
33850	159.70127645898285
33860	160.81591451663206
33870	161.01379589819157
33880	159.64200223714712
33890	159.18539437216455
33900	159.699587309352
33910	160.0203087671207
33920	158.99335317035965
33930	160.5386896693307
33940	159.48718715246838
33950	158.8676456751158
33960	158.70968118236584
33970	158.1679294799482
33980	157.09406004440646
33990	155.9922445264971
34000	155.84633170220127
34010	154.619872334768
34020	154.4359256632721
34030	154.63186856485996
34040	155.96710602952464
34050	156.85734379448087
34060	155.23263161527754
34070	155.41915962977598
34080	156.0613347713311
34090	156.062658331769
34100	156.2926527559552
34110	155.81715745568746
34120	156.10088644573716
34130	155.80818110751537
34140	154.70187837116615
34150	155.14709666193357
34160	154.2629652769703
34170	153.02418473191565
34180	152.60141425868926
34190	153.13890100694897
34200	153.3775246060338
34210	153.38175313522322
34220	151.55487477544412
34230	149.99590785779398
34240	150.30209863203277
34250	148.85580360791525
34260	148.7903433948028
34270	149.26272531181485
34280	149.8640848466467
34290	149.8672088242498
34300	148.9593231338511
34310	147.66002827085524
34320	146.7886904104868
34330	145.9546686084241
34340	146.17339561140466
34350	145.56532323033218
34360	144.3141746243024
34370	143.34909792287414
34380	142.347746986129
34390	142.730856395212
34400	141.93884178467297
34410	141.02501815601536
34420	140.96229686189645
34430	139.91158542738864
34440	140.07036835287118
34450	139.52311491528897
34460	138.77928942830542
34470	138.6249662253515
34480	138.33808411406713
34490	138.37669943015436
34500	136.29546831559753
34510	135.9668290807293
34520	135.48464901482205
34530	134.66452788301717
34540	133.55101695920527
34550	133.79808140163303
34560	134.02889452721624
34570	134.10992759797335
34580	134.49778396970197
34590	133.01374738111386
34600	132.05883714742825
34610	131.44437881701057
34620	130.3749220861476
34630	131.60602563391163
34640	130.63573786937016
34650	130.7542586621747
34660	129.40854187300062
34670	129.25777436608323
34680	129.98960067666286
34690	128.52677335533065
34700	127.66622584074771
34710	127.74761117131212
34720	128.7315081434072
34730	128.54219518309787
34740	127.97138422865429
34750	127.023528620724
34760	127.63628086406271
34770	127.2588371118639
34780	126.10875546608412
34790	125.14851207378616
34800	125.53374477935091
34810	125.81611341833101
34820	125.50442836571783
34830	123.36949659100725
34840	124.80012577816112
34850	124.52471089234021
34860	124.13104998984879
34870	123.78535277949557
34880	123.10376039467516
34890	122.70120277086119
34900	122.35363366099529
34910	121.26097389438533
34920	120.82022458232359
34930	120.59023177054893
34940	121.17453652008679
34950	120.36976356179898
34960	118.63959614553441
34970	117.99840963632616
34980	118.85934010537835
34990	119.45943971294871
35000	117.4023717160237
35010	118.05426629827335
35020	117.17312410569924
35030	117.23599912130899
35040	116.12625540145119
35050	115.91507766884982
35060	115.9718420948713
35070	116.52256204305534
35080	116.17267464105817
35090	115.22840525782829
35100	113.70252445178552
35110	114.99312206489799
35120	113.48399795962473
35130	113.36233095197045
35140	112.20141906983983
35150	111.48165606238125
35160	112.00649040369623
35170	112.12414221821295
35180	111.5593872315727
35190	112.68229934685365
35200	111.71664033625109
35210	110.24108011999984
35220	110.18141562732062
35230	110.1613190716536
35240	109.6518194826726
35250	110.07446430202744
35260	109.2828363481468
35270	109.29737687405284
35280	108.28011555575803
35290	107.21710864235182
35300	107.33443898249692
35310	105.90653119932068
35320	105.81779783274985
35330	105.94946724919481
35340	105.28247612784199
35350	105.1494035236831
35360	104.64676953452926
35370	105.04973115482234
35380	104.92588403168948
35390	103.10125605630553
35400	102.85047588074829
35410	102.28087190865264
35420	101.69728535437994
35430	100.96169154468238
35440	100.82809843606444
35450	100.90066491787134
35460	101.28238586878572
35470	100.00984496281781
35480	99.46492193006208
35490	99.96621030581485
35500	99.44178237839398
35510	99.44865060544223
35520	98.89992463420135
35530	99.24889939877959
35540	99.30287419910019
35550	99.1051371773656
35560	97.8124855410172
35570	96.93831110140583
35580	96.39959492303409
35590	96.08752042433017
35600	96.46510412761764
35610	95.88174460207584
35620	95.09361984933865
35630	94.94594041446858
35640	94.85608342898337
35650	94.81103937250137
35660	94.17294295413133
35670	94.6730267383344
35680	93.76802749057181
35690	93.47446735657718
35700	93.81860143921993
35710	93.07859587260046
35720	92.54256642778
35730	91.96948405521512
35740	91.17522552346543
35750	90.96699978332995
35760	90.75960616980953
35770	89.98640603715775
35780	90.04439940060043
35790	88.92391018723751
35800	88.68806395488919
35810	88.21345924067282
35820	87.21590658497946
35830	87.09420151132615
35840	87.24968791060121
35850	87.33156803380459
35860	86.89260459559455
35870	86.1681393968826
35880	86.98832152529727
35890	85.9702870924954
35900	85.84131456395136
35910	86.40725361264744
35920	86.12169995060127
35930	85.67943025740688
35940	85.00372310895987
35950	84.53126338203155
35960	84.12184498812712
35970	84.02254549131193
35980	82.96336319971445
35990	82.58490994805987
36000	82.78735055979207
36010	82.77365390344902
36020	83.19143169658747
36030	82.77578520303736
36040	83.26352175151364
36050	82.95960257727286
36060	82.15515588782947
36070	82.27974590780421
36080	82.90968322156601
36090	82.09093331397219
36100	81.17289534880736
36110	81.48703616228643
36120	80.99535457559905
36130	80.22248137266729
36140	79.8381864883872
36150	80.32224924001808
36160	79.79004023201148
36170	79.88449832138497
36180	78.93426312229852
36190	80.09232350897625
36200	79.18637921193996
36210	78.46559418739979
36220	77.88604696883135
36230	77.14226469027888
36240	76.66287358219147
36250	76.2404156894894
36260	76.49629753942844
36270	76.61939708600985
36280	75.96970812057566
36290	75.63890987173778
36300	74.502115438386
36310	74.00876297058744
36320	74.459015592112
36330	74.58281688859367
36340	74.71774871335116
36350	74.42897972391698
36360	74.32566312635218
36370	73.53113190853698
36380	73.48628677834628
36390	73.15748845127192
36400	72.40259081815354
36410	72.0584444946999
36420	72.64012605955043
36430	72.67494519399938
36440	73.22314384752217
36450	73.07964783031005
36460	72.54385856859429
36470	71.80080248505857
36480	71.82248425850655
36490	71.66958222505212
36500	71.27357976597756
36510	70.61009829201625
36520	70.80930253858166
36530	69.94343249283442
36540	69.95697050971842
36550	69.70556032846764
36560	68.7938304668795
36570	68.91665690836574
36580	68.36465794621273
36590	67.75621761502579
36600	67.64612387496574
36610	67.92302515189823
36620	67.14031360196476
36630	67.04364507909482
36640	67.4773912104448
36650	67.21032499937749
36660	67.20602876361694
36670	66.59761608504384
36680	66.84419473149778
36690	65.8267105200417
36700	65.8258979333896
36710	65.17690717181564
36720	65.02598265972811
36730	64.95221397160222
36740	64.95963502106265
36750	64.57388035534399
36760	64.57140526542761
36770	64.36544773232139
36780	64.86758563335374
36790	64.4186277262623
36800	63.07929464215091
36810	62.273573477716035
36820	62.14642828734496
36830	61.9129839767471
36840	61.97490552130323
36850	61.90834350571442
36860	62.15666649804479
36870	61.97322701868243
36880	61.91424893158992
36890	61.37306043433183
36900	61.40162927345673
36910	61.29510922904733
36920	61.41993017321015
36930	61.84604168360085
36940	61.69158990881058
36950	60.83734472200338
36960	60.66956767624991
36970	60.112748172491145
36980	60.59803219905444
36990	60.16180116544243
37000	59.99012180952027
37010	60.35174545179721
37020	60.15794531185623
37030	59.43353731425566
37040	59.19433948570097
37050	58.78119660059708
37060	58.77346408730979
37070	58.97537032466937
37080	58.770843336792424
37090	59.04553178079016
37100	58.56023902658085
37110	58.672175886450376
37120	58.62192683235052
37130	58.48274483538045
37140	57.965898753648084
37150	57.87290469912799
37160	57.073763487012805
37170	56.82663565782885
37180	56.47783036379953
37190	56.9442058043484
37200	57.923778935491555
37210	57.588527551109394
37220	57.52560777574393
37230	57.16568787895093
37240	56.94456407270854
37250	56.24928212491256
37260	56.41240500268675
37270	56.25237638523211
37280	56.01754287689371
37290	56.02138093761215
37300	55.31823013781439
37310	55.54880541972386
37320	55.735196901062494
37330	55.182345332616585
37340	54.68228356631198
37350	54.37028355915679
37360	54.40226033679294
37370	54.183322533471504
37380	54.186019292259296
37390	53.83229154772038
37400	53.61165799652493
37410	53.29200256114629
37420	53.69957503643789
37430	53.1848248348032
37440	53.32199088845715
37450	52.78780179314844
37460	52.282177839244504
37470	51.94692224896869
37480	52.21813086762819
37490	51.90623822549513
37500	51.907424637132436
37510	51.296701088334125
37520	51.529561729254375
37530	51.118845437651316
37540	51.04957425466942
37550	51.08468660021537
37560	51.27283337213773
37570	51.13702304361418
37580	51.45817932406021
37590	51.10805163518564
37600	51.49014593041185
37610	50.816826890718175
37620	50.853775376450386
37630	50.4949679429044
37640	50.0577900077798
37650	50.52347311600607
37660	50.52766457648218
37670	50.14535560094764
37680	49.79119185308241
37690	49.366822340412654
37700	49.383408288659155
37710	48.80313560939038
37720	48.7547821646038
37730	48.06172574665058
37740	48.05084551223655
37750	47.90359103329505
37760	47.343240091044656
37770	47.537650589877934
37780	46.330011943129776
37790	46.55951540401566
37800	46.43977644463771
37810	46.40279037462175
37820	46.210317296308745
37830	46.37644558993463
37840	46.584294428620034
37850	46.56848026033704
37860	46.05112565299954
37870	45.04629939405462
37880	44.925487117524824
37890	44.75377553011251
37900	44.256072062230174
37910	44.12074019544959
37920	44.368018642107785
37930	44.037831570684205
37940	43.675700186230024
37950	43.17425605863254
37960	43.365398628499854
37970	42.96655845789891
37980	42.68916954776458
37990	42.64399631050719
38000	42.53205582754643
38010	42.176192405436325
38020	41.8885446493327
38030	41.82828869688172
38040	41.92277207821024
38050	41.00501701000073
38060	40.774615572572365
38070	40.50534941615334
38080	40.37977025424538
38090	40.04998866181749
38100	40.332540697223564
38110	39.870432629926086
38120	40.344703980770014
38130	39.91407457686953
38140	39.73003627484948
38150	39.48536827308344
38160	39.0570004274318
38170	39.05659817257966
38180	38.79177783657635
38190	38.69036875931947
38200	38.96422878090462
38210	38.560043723489834
38220	38.4088923491944
38230	38.196060228681
38240	38.21514390215419
38250	38.010334306005895
38260	38.02022236771807
38270	37.877442911273
38280	37.47774413148808
38290	37.18005330464273
38300	37.43141846275166
38310	37.19628546010478
38320	37.24106429475923
38330	36.622359080960514
38340	36.465090830620795
38350	36.54702240360842
38360	36.23249035601565
38370	36.24697459963147
38380	35.88151448294293
38390	36.22526508982445
38400	35.70048708840606
38410	35.67551247949106
38420	35.99307870339954
38430	35.50485339159661
38440	35.63600648141431
38450	35.45373892575345
38460	35.29870573369681
38470	35.04239213875575
38480	34.835976343593046
38490	34.49593210301941
38500	34.38201514413442
38510	34.894897682402025
38520	34.77976712847563
38530	34.47277929071252
38540	34.34344943329084
38550	33.93328075500978
38560	33.6974651616696
38570	33.45617208894977
38580	33.23699487259002
38590	32.873492113869915
38600	32.42966236817621
38610	32.223375664341276
38620	31.938722872946926
38630	31.652587403244347
38640	31.757283128789222
38650	31.728394165462962
38660	31.57382158341721
38670	31.312554548108434
38680	31.436755636201696
38690	31.336953294394846
38700	31.07846762438232
38710	30.753321457556712
38720	30.531748383435616
38730	30.357399319043086
38740	30.123631748929526
38750	30.221142733122523
38760	30.241067947803092
38770	30.138469043052773
38780	30.034063633007914
38790	29.71693775700042
38800	29.450931619340984
38810	29.421795344295973
38820	29.383661038663693
38830	29.214840394265536
38840	29.196223898385853
38850	28.88710216482744
38860	28.7505052949564
38870	28.644661446344927
38880	28.376558733897998
38890	28.10330405217969
38900	28.012215468342504
38910	27.81485470242274
38920	27.482029351315095
38930	27.50475489209913
38940	27.519056999764768
38950	27.467074455163356
38960	27.243209956430146
38970	27.058652073289753
38980	27.037160099548323
38990	27.0403752883976
39000	26.80069934285836
39010	26.70419582976874
39020	27.047703615335557
39030	26.96303202962969
39040	26.918913861635865
39050	26.689070521300128
39060	26.517049598120146
39070	26.440450327586717
39080	26.25435915365622
39090	26.40314762014251
39100	26.109812628977235
39110	25.766232810844006
39120	25.655617471327275
39130	25.476823412227027
39140	25.421283363446367
39150	25.361512277419433
39160	25.177938155838532
39170	25.035556056549904
39180	24.942328914704227
39190	24.707081615353825
39200	24.519031177403612
39210	24.436862681070792
39220	24.38481101450355
39230	24.432837943125083
39240	24.069518564175485
39250	24.541466863916664
39260	24.319231584806044
39270	24.206446380635825
39280	24.127907865219857
39290	23.851876912578344
39300	23.73065968340733
39310	24.049993063733506
39320	23.7302823804153
39330	23.730646315422533
39340	23.444466731991334
39350	23.53722373066418
39360	23.563997059952808
39370	23.336335566985685
39380	23.30079817599326
39390	22.98217893597771
39400	23.059967623338924
39410	23.039544844063755
39420	22.61523940424815
39430	22.480574603597393
39440	22.41073730468265
39450	22.216343473029006
39460	22.25522767413866
39470	21.881407555405833
39480	21.679711350157653
39490	21.598912007631434
39500	21.51429944513255
39510	21.35477452040748
39520	21.52692627228746
39530	21.567113304204653
39540	21.30698754238268
39550	21.026412923898853
39560	21.130337475363874
39570	21.100907359983143
39580	20.972106997642744
39590	20.716847338610233
39600	20.841921645747355
39610	20.900988694923342
39620	20.761937317425627
39630	20.66628345617978
39640	20.533752914555663
39650	20.33199414172344
39660	20.01835517414728
39670	19.90205034728634
39680	19.907220122376135
39690	19.826169057536315
39700	19.96785629413997
39710	20.07737415986134
39720	19.928463147394275
39730	19.371435058701557
39740	19.47750887511166
39750	19.379995809090225
39760	19.08401705768034
39770	19.06173553076015
39780	19.185715328883695
39790	19.071250612069424
39800	19.04855118981047
39810	18.940680888583348
39820	19.00044554032425
39830	19.02039955671382
39840	18.864933568780607
39850	18.767999160558333
39860	18.612126407656874
39870	18.392075725823947
39880	18.22967164661326
39890	18.115574725049985
39900	18.083469367732413
39910	18.036754362241293
39920	18.06860469896
39930	18.223871036923555
39940	18.34223501301703
39950	17.949665226787147
39960	17.95513392503161
39970	17.881403669484925
39980	17.74771194086479
39990	17.742863816964256
40000	17.741295605329018
40010	17.542221484659777
40020	17.493498997700353
40030	17.30279127469153
40040	17.28741148817296
40050	17.321992968879982
40060	17.01280468473086
40070	17.089183483011563
40080	16.925244012119034
40090	16.837342527866614
40100	16.8301595621055
40110	16.72550193003447
40120	16.786658873008548
40130	16.678144691656293
40140	16.639244313818992
40150	16.677639157056213
40160	16.529681550900406
40170	16.419628179701423
40180	16.35367808966522
40190	16.524281537488363
40200	16.56066320824429
40210	16.437472579280293
40220	16.192216993071803
40230	16.053511748863553
40240	15.889260851213079
40250	15.742948081528064
40260	15.969024790999795
40270	15.75501234059004
40280	15.53383832498324
40290	15.499588513518129
40300	15.392410397631767
40310	15.31767759570175
40320	15.29594086891672
40330	15.232652726070645
40340	15.13202074553411
40350	15.198036136302651
40360	15.203242545214993
40370	15.150674364412867
40380	15.1016778641689
40390	15.094737631859317
40400	15.086437138417617
40410	15.116911337309787
40420	15.107171234038375
40430	15.20943022590524
40440	15.192549981642616
40450	15.09257120154794
40460	15.104537644506708
40470	14.951741087700174
40480	14.825567678100855
40490	14.69505596605015
40500	14.77762154079471
40510	14.747234013163002
40520	14.86896229959722
40530	14.785057384711044
40540	14.641027417178135
40550	14.593846818014617
40560	14.38999946451767
40570	14.356463199755643
40580	14.277593422327397
40590	14.20813197342159
40600	14.080027146314027
40610	13.95945276387411
40620	13.91002307470972
40630	13.82964134763105
40640	13.83691277694804
40650	13.679931089967479
40660	13.491426342734757
40670	13.43953390592459
40680	13.438025502633923
40690	13.462194018033392
40700	13.29996315590055
40710	13.141046518257644
40720	13.085383469562558
40730	12.875806659110042
40740	12.842145642244795
40750	12.847834249145695
40760	12.784459629354776
40770	12.790915006990344
40780	12.80438335354291
40790	12.780208152249811
40800	12.731374059958759
40810	12.506130412031974
40820	12.475426726924141
40830	12.494277847969746
40840	12.395982327486328
40850	12.20336045729474
40860	12.24868842416834
40870	12.279722098903658
40880	12.359169925553664
40890	12.286277390498903
40900	12.335506306372945
40910	12.280440900881379
40920	12.162083074729138
40930	12.101325718304238
40940	11.93769362751004
40950	12.07271209608876
40960	11.97193076090993
40970	11.941146581389038
40980	11.757334274629414
40990	11.720260990229797
41000	11.711812300148772
41010	11.688075634104363
41020	11.602796326715017
41030	11.498180404128604
41040	11.305899912347687
41050	11.356649045971164
41060	11.225599821501447
41070	11.188761297982486
41080	11.229386032372608
41090	11.159431492332791
41100	11.07522194772883
41110	11.012913816271407
41120	10.985680131163601
41130	11.001419806838527
41140	10.82392873749159
41150	10.78897591642598
41160	10.836456161248279
41170	10.738339546142123
41180	10.743515250403647
41190	10.816555584644016
41200	10.826039588052986
41210	10.635491501227747
41220	10.790356550463992
41230	10.569619856821953
41240	10.701630915730798
41250	10.747498718422321
41260	10.635513940661724
41270	10.55337468165583
41280	10.37988692990109
41290	10.32801584384962
41300	10.361551661135858
41310	10.434033990834774
41320	10.287031489030952
41330	10.310366364897078
41340	10.180275015346929
41350	10.172679794320095
41360	10.237891156432985
41370	10.163799608665403
41380	10.039168777491822
41390	10.047891641447011
41400	9.912341642319465
41410	9.886627297793517
41420	9.67947281134812
41430	9.66652406057289
41440	9.701332593721515
41450	9.693774713632092
41460	9.54810402187776
41470	9.604690241861046
41480	9.486335469870655
41490	9.436792799388597
41500	9.356679194664178
41510	9.402955786979541
41520	9.294892721531657
41530	9.42763173859555
41540	9.265970540897753
41550	9.368109302065214
41560	9.322567479818868
41570	9.277051863694847
41580	9.237051240558891
41590	9.195742857186028
41600	9.231924175021401
41610	9.271327834063587
41620	9.136344491448599
41630	9.097386895568143
41640	9.017770096682478
41650	8.891308104179224
41660	8.852933452737565
41670	8.790401985639098
41680	8.688818811062418
41690	8.595438678335112
41700	8.417273370099753
41710	8.418816494049045
41720	8.389737396358123
41730	8.32823741476725
41740	8.328700989364924
41750	8.275204648046856
41760	8.299657975307476
41770	8.227878397330109
41780	8.207359005102798
41790	8.186122589406663
41800	8.129253127251635
41810	8.315354301717994
41820	8.11667326524903
41830	7.905759423335767
41840	7.917555080161376
41850	7.910380206637915
41860	7.776395617244595
41870	7.760545082406435
41880	7.707819381415635
41890	7.701520315255644
41900	7.720868499596378
41910	7.578613086233138
41920	7.504679815256344
41930	7.539658516650692
41940	7.514722981305878
41950	7.464300086684425
41960	7.324615476968876
41970	7.337802881137249
41980	7.302230040255359
41990	7.226916530371467
42000	7.165727071990342
42010	7.137786991185528
42020	7.136167287240691
42030	7.312828541195189
42040	7.32077430826603
42050	7.135430903313728
42060	7.059843820107197
42070	7.055158889144071
42080	7.018839621952989
42090	6.972171693111322
42100	6.9175470554551595
42110	6.860811534213485
42120	6.873665928834329
42130	6.846085056158491
42140	6.794414745560454
42150	6.765222105887723
42160	6.834538015226114
42170	6.661580197994624
42180	6.629039158861811
42190	6.514213893021359
42200	6.566755541064177
42210	6.583438249196902
42220	6.507902225592925
42230	6.503159620423226
42240	6.483239701623358
42250	6.435059945479603
42260	6.3878957653090565
42270	6.424606891302361
42280	6.362554394368915
42290	6.326009928752716
42300	6.292305418541938
42310	6.2723347712160695
42320	6.230906586202977
42330	6.177243060954015
42340	6.225127633934048
42350	6.2240258618531445
42360	6.223382979680945
42370	6.201250311106232
42380	6.191154148737688
42390	6.132369958530659
42400	6.157311067719091
42410	6.064718529010952
42420	6.116142061040336
42430	6.059554364294247
42440	6.013263290248436
42450	6.026190980766274
42460	6.010702846831522
42470	5.987481640864765
42480	5.891054050419362
42490	5.913263853786961
42500	6.015116344201271
42510	5.8727045083064
42520	5.892735386461268
42530	5.910259330663498
42540	5.806460744423766
42550	5.812745402230808
42560	5.8097756413098
42570	5.821885434402133
42580	5.784820066240044
42590	5.7057217811956065
42600	5.645350903141257
42610	5.724631028310205
42620	5.6612421678199185
42630	5.601153774940474
42640	5.557767093085051
42650	5.52275763452438
42660	5.646595684287789
42670	5.674709636360229
42680	5.570398716721659
42690	5.533553587621005
42700	5.4800738283825545
42710	5.463083078747309
42720	5.512508065793466
42730	5.460515058826604
42740	5.428653194265032
42750	5.395263653552339
42760	5.457797992336894
42770	5.451127333324482
42780	5.338691820622556
42790	5.315396993274522
42800	5.324469291973456
42810	5.287755836326428
42820	5.326206579709411
42830	5.2651312907514765
42840	5.243179381753247
42850	5.138052655016018
42860	5.068977914678389
42870	5.116465012686732
42880	5.059653965428325
42890	5.064580529513461
42900	5.079366352114994
42910	5.099846261836574
42920	5.166088519146949
42930	5.2158740879259735
42940	5.143071782522141
42950	5.071746685869809
42960	5.046604367539593
42970	4.993028778475916
42980	4.973365772610706
42990	4.9162201341601826
43000	4.907190648832884
43010	4.9064473979370415
43020	4.89650805933221
43030	4.82385404837675
43040	4.814510997970118
43050	4.80274679890378
43060	4.780524684021408
43070	4.76184721621984
43080	4.753303520221286
43090	4.765287781627664
43100	4.756020668719962
43110	4.67835584820568
43120	4.698352451232395
43130	4.675618167767183
43140	4.641502801684072
43150	4.577718829193375
43160	4.618292730805124
43170	4.601587170016291
43180	4.585619767828525
43190	4.538557611746717
43200	4.544571071136263
43210	4.50569770178084
43220	4.4909797897773265
43230	4.573005092213521
43240	4.47399576316692
43250	4.474200852780421
43260	4.409325431185501
43270	4.419609791806756
43280	4.408698823386926
43290	4.361694751620199
43300	4.357282473804932
43310	4.338205760388862
43320	4.3385923804920274
43330	4.321939144825544
43340	4.306220647700229
43350	4.300288192054608
43360	4.299320439356612
43370	4.354938434296109
43380	4.32709174939481
43390	4.281615881380414
43400	4.272965991502268
43410	4.175690443395537
43420	4.119886630459688
43430	4.08062067172769
43440	4.059253084886603
43450	4.089586708483949
43460	4.065299342443571
43470	3.990136420519351
43480	3.979445434211353
43490	4.008356591388167
43500	4.011211006485642
43510	3.997281577988362
43520	3.960992580899786
43530	3.945710894477936
43540	3.9552495135900156
43550	3.9589682852732957
43560	3.8437482479190805
43570	3.8457609967885884
43580	3.757837241137921
43590	3.774933378539992
43600	3.7546238129409994
43610	3.8230606647161682
43620	3.7332526967474045
43630	3.6688129336051314
43640	3.6533982307343136
43650	3.6392173366898586
43660	3.6242008673731725
43670	3.5595518266135198
43680	3.5626141947473555
43690	3.5304408605384094
43700	3.5204344836363872
43710	3.5041278260436783
43720	3.5444131423105083
43730	3.4930395417146243
43740	3.5316934062736363
43750	3.4519054637418614
43760	3.4615883648416457
43770	3.421059743688834
43780	3.420211820528574
43790	3.416684280730747
43800	3.3919413577922883
43810	3.4003696627144775
43820	3.3475708133176116
43830	3.369881041922444
43840	3.3242255965655767
43850	3.297416416706367
43860	3.2920824750890776
43870	3.288909152580001
43880	3.2460449156156628
43890	3.2310216368351523
43900	3.2532004958001295
43910	3.2409149187332043
43920	3.214781900234694
43930	3.246849994761357
43940	3.278690559845268
43950	3.2300390476328
43960	3.166085337653677
43970	3.089651499252142
43980	3.0746010847779757
43990	3.0401601799529554
44000	3.028572832630383
44010	3.0134455833468228
44020	2.987408261297983
44030	3.018747583051797
44040	2.9652488174499645
44050	2.9661686213392886
44060	2.9999438000043166
44070	2.9563945860067937
44080	3.038864570424856
44090	3.0107087985642758
44100	2.9384597805592856
44110	2.932126834272428
44120	2.9355886867707577
44130	2.8938145770745765
44140	2.893415729971052
44150	2.883260636939395
44160	2.8325686322685346
44170	2.813624814440612
44180	2.797328285937977
44190	2.7661529429130853
44200	2.773084363604544
44210	2.7756271855252135
44220	2.863408265089843
44230	2.7389403829413235
44240	2.760640839369657
44250	2.7890653124427756
44260	2.85003457723541
44270	2.6825152627911577
44280	2.6627095492852626
44290	2.65768399216785
44300	2.787341953824316
44310	2.673091436152876
44320	2.6756420962820635
44330	2.6310130759752655
44340	2.710184469389959
44350	2.655315989832846
44360	2.668624571827978
44370	2.624612078103912
44380	2.5534298861112155
44390	2.580668046684402
44400	2.5122329730964483
44410	2.5237801068454497
44420	2.5341394045660657
44430	2.4993326845227806
44440	2.460848015029126
44450	2.4775774147016842
44460	2.4546122606137897
44470	2.4346655864779154
44480	2.4632700215824266
44490	2.4574969793881016
44500	2.5409090986362477
44510	2.423717649333153
44520	2.493815471147432
44530	2.4228805074318447
44540	2.4548308924773057
44550	2.392624356736745
44560	2.3886866539944807
44570	2.386958841820447
44580	2.333032873564238
44590	2.3721971184516217
44600	2.370459972111535
44610	2.2781739334513404
44620	2.3054799631010345
44630	2.2964584668155785
44640	2.273407798278503
44650	2.2211050740020943
44660	2.2183336492093986
44670	2.2126524579198046
44680	2.2222787004034044
44690	2.182465814844332
44700	2.1789806628509654
44710	2.1956634552156142
44720	2.183723736181528
44730	2.1477896024550276
44740	2.192239146554645
44750	2.2069246176012918
44760	2.18933318301249
44770	2.146233205429325
44780	2.127270974999667
44790	2.1427406874053463
44800	2.1051638238099013
44810	2.1448670928161446
44820	2.1606957982640154
44830	2.0939856380483675
44840	2.142291143451999
44850	2.123445594911166
44860	2.0287581542273245
44870	2.0160097951802123
44880	2.0273903997373237
44890	2.0236215994944278
44900	1.9669933732874272
44910	2.0011519461903324
44920	1.9721372496037293
44930	2.0223264794244846
44940	2.003762341641611
44950	1.9653520324184908
44960	1.9726025371960545
44970	1.9837195523991504
44980	1.9965311569458282
44990	1.992190338649985
45000	2.0085710393330287