7990	16.547496936923476
8000	16.76010188046098
8010	16.530946069251453
8020	16.674308934257745
8030	16.70493462342032
8040	16.55997684927108
8050	16.38173968085934
8060	16.065724017793293
8070	16.08193939593068
8080	15.849506621382401
8090	15.959921223620185
8100	16.02239974671182
8110	15.962017589541809
8120	15.729156215868276
8130	15.55615104317069
8140	16.006676696962142
8150	15.988122102786535
8160	15.998273568993268
8170	15.670053899444158
8180	15.439319167182097
8190	15.55589927212352
8200	15.242262460671926
8210	15.419866854850182
8220	15.169509504292485
8230	15.319054442363694
8240	14.9825341551551
8250	15.428164389224834
8260	15.16071546609363
8270	14.876341769933026
8280	15.511784025008774
8290	15.293217412922814
8300	15.025971044728978
8310	14.9198798531168
8320	14.703791595189992
8330	14.664912832809268
8340	14.44851365602792
8350	14.586602662185346
8360	14.534173613766008
8370	14.301883731207306
8380	14.541484082816723
8390	15.120210534159485
8400	15.633024437103819
8410	13.987443263439646
8420	13.996577300191735
8430	13.970440981656353
8440	14.034165665627583
8450	13.902713340690806
8460	13.950604366823109
8470	14.157084783897291
8480	13.751874394241366
8490	13.643272570627433
8500	13.583250829886875
8510	13.7790150351577
8520	13.651100258454656
8530	13.509322350056788
8540	13.396665725832664
8550	13.264519971553975
8560	13.31122235876868
8570	13.49438527021174
8580	13.183988939608037
8590	13.158821177691467
8600	13.1875729414124
8610	13.012790654310436
8620	12.930047338732138
8630	13.401042619432731
8640	13.379519132971364
8650	13.279197955696509
8660	13.214076181861932
8670	13.208869256134003
8680	13.22119228998191
8690	13.031756856333365
8700	12.956998836157782
8710	12.680771255855865
8720	12.739904922211066
8730	12.703488507273219
8740	12.569958663766547
8750	12.832316889246105
8760	13.341135382675956
8770	12.485892896015766
8780	12.457562631667075
8790	12.38361984571425
8800	12.468134030121298
8810	12.619464235836983
8820	12.641864766756743
8830	12.668573912948824
8840	12.370738570640707
8850	12.333571085390732
8860	12.135909844349019
8870	12.145470759860975
8880	12.281929994820006
8890	12.233380336633475
8900	12.393642122709846
8910	12.307437931588177
8920	12.2495554529368
8930	12.138208135325756
8940	12.087420128196877
8950	12.159133893902624
8960	12.482923211148144
8970	12.180809544144653
8980	12.29569315890788
8990	11.82517109386893
9000	11.904743696349204
9010	11.914247214987034
9020	12.068561297361754
9030	11.991407922032744
9040	11.891500144709108
9050	12.260940306290596
9060	12.201903839951173
9070	12.059158326966852
9080	12.097880486892526
9090	12.408834710762571
9100	12.044265636842306
9110	12.228984213993366
9120	12.13441045529533
9130	12.08386548338683
9140	11.823746607928209
9150	11.873553153396259
9160	12.030859171134416
9170	12.087337401603978
9180	12.10246814746249
9190	11.903531839657088
9200	11.934492684253934
9210	12.069741380458584
9220	12.148457781194812
9230	12.0965497669661
9240	11.856048791813567
9250	11.782271379687314
9260	12.239039791441343
9270	12.23636906831645
9280	12.674624386098737
9290	12.474701470418456
9300	12.222520152177255
9310	11.502575683119124
9320	10.859879279276587
9330	10.446518099927465
9340	10.243157622331248
9350	9.699069875719173
9360	9.296703356059012
9370	8.94569032872509
9380	8.459313416682269
9390	8.382510029859407
9400	8.105019779341244
9410	7.9912800285031755
9420	7.878507552950745
9430	7.616990587802757
9440	7.443429401805181
9450	7.193368929733651
9460	7.032793556842769
9470	6.93187491587369
9480	6.716273358576212
9490	6.700576992057837
9500	6.691231231932667
9510	6.787638579343801
9520	7.053501908367567
9530	7.170899285494057
9540	7.030451848458614
9550	7.0088325678652925
9560	6.837567814419703
9570	7.201017221135797
9580	6.991758757608362
9590	7.00791900350027
9600	7.19157150424015
9610	6.672995448703074
9620	6.623623808582648
9630	6.423820052639699
9640	6.416185123798301
9650	6.722979142312769
9660	6.871662978681734
9670	7.243281269342195
9680	7.666777983904454
9690	7.246862840872132
9700	7.235669383887338
9710	7.306168583928219
9720	7.348351949537681
9730	7.411464119870925
9740	7.514225141766252
9750	7.412664291876434
9760	7.439654349274152
9770	7.7700469707002116
9780	7.968272915372537
9790	7.902737713685618
9800	7.986576994602566
9810	8.085205299503963
9820	8.112297540060203
9830	8.244548866114465
9840	8.552012866161522
9850	9.021118267939624
9860	9.048610089272943
9870	9.25066713811912
9880	10.039441224573432
9890	10.628237908498809
9900	10.802370256416433
9910	10.874756904932132
9920	10.569932378986222
9930	10.792706121794954
9940	10.489164163238978
9950	11.130924441026464
9960	11.007748868649811
9970	11.723842426884676
9980	11.543407794722778
9990	12.20531122262799
10000	12.726281255800505
10010	12.59432134280756
10020	12.79380146585592
10030	12.786237355527083
10040	13.076771190265529
10050	12.50325633945998
10060	12.229425324743334
10070	12.738118127853785
10080	13.243450653941757
10090	13.825092563610271
10100	14.214167003913014
10110	14.65320044780965
10120	14.97678154421707
10130	15.073098488411576
10140	15.493750753933016
10150	16.137535078365946
10160	17.072474780807216
10170	17.33554536807071
10180	17.048564310650523
10190	17.624404990424825
10200	18.282498943978535
10210	18.417163751424273
10220	18.968695128852058
10230	18.831916476061764
10240	18.592308654664624
10250	18.736206319101168
10260	19.94189103333659
10270	21.101570068107307
10280	20.246375124964306
10290	20.783210180833006
10300	21.227698490614323
10310	21.49366750144758
10320	21.839685682845793
10330	21.281133520962957
10340	22.47072589831021
10350	22.943856143033354
10360	23.204296929616643
10370	24.399762479373237
10380	24.45943395520128
10390	24.171534461614
10400	24.260120007773054
10410	25.79065137190884
10420	25.849470893502804
10430	26.610754385877147
10440	28.043319875021158
10450	28.080548052555713
10460	28.92002063723238
10470	31.079938449444214
10480	31.007329813023524
10490	30.53833976969637
10500	31.553496124674258
10510	31.1860711449485
10520	31.08123859943104
10530	30.913647711085723
10540	32.4405793487152
10550	32.802962817912324
10560	34.396657691787006
10570	35.315733236013216
10580	34.98273788482455
10590	35.47227529645238
10600	36.186905152666235
10610	39.13510487752606
10620	40.10392327920998
10630	40.73347439346587
10640	41.63060493238013
10650	42.075669292247504
10660	43.75196244728367
10670	45.25848344031867
10680	44.75858440421633
10690	48.69764770399173
10700	49.0975982766436
10710	48.149235587865064
10720	47.815701594005056
10730	48.738903460932065
10740	49.01234454771365
10750	47.61563321866544
10760	55.003352534743236
10770	57.41269547908938
10780	53.25096019273615
10790	57.26683434552297
10800	57.95980249191131
10810	56.679187898437824
10820	57.56963015151145
10830	59.472730990529044
10840	63.6410154822015
10850	63.489002120364674
10860	63.671996010608204
10870	67.83294978429079
10880	67.70803265758084
10890	69.977728919928
10900	72.715950137006
10910	74.41624544602502
10920	77.3980577108181
10930	79.88626040085823
10940	80.52424856406603
10950	85.56968357092221
10960	90.00375086950662
10970	95.03030621944035
10980	100.63210274332025
10990	104.76994741551218
11000	112.96294999758194
11010	108.42725302709714
11020	112.77216220820662
11030	120.02473170368266
11040	127.41198806911048
11050	125.9678335187469
11060	129.76326738786554
11070	128.9471457654584
11080	130.27544299688964
11090	128.83993783652852
11100	127.37566719719958
11110	131.88065119690089
11120	135.51032802605104
11130	145.26484337771828
11140	148.64006007474202
11150	146.35958357509168
11160	149.76076591552365
11170	150.7719121521689
11180	152.29262556475274
11190	164.46915883984235
11200	177.63104128495144
11210	205.69018638976073
11220	261.74928332076195
11230	325.8018425650307
11240	424.2069648027254
11250	554.030827320511
11260	731.8401387511351
11270	953.273162152046
11280	1283.1366030291872
11290	1742.1816533522706
11300	2306.0004317321245
11310	2982.6047739926544
11320	3702.7157274208084
11330	4369.319650701266
11340	4943.306026037905
11350	5408.461580371432
11360	5810.180601995134
11370	6023.165443983436
11380	6042.703304395265
11390	6133.589049298613
11400	6147.689752077146
11410	5969.345573634056
11420	5783.123414182287
11430	5666.966111443701
11440	5504.501670806155
11450	5357.582243246341
11460	5201.322626008312
11470	5005.518158483825
11480	4785.878295047897
11490	4569.05183469066
11500	4362.652794690458
11510	4225.581380151645
11520	4117.988208742262
11530	4009.109079607865
11540	3832.2774627059366
11550	3707.5405489451277
11560	3586.190049555751
11570	3497.4701313517417
11580	3391.404643573665
11590	3303.4229012170294
11600	3214.045836818412
11610	3117.3805673921156
11620	2997.2226997431326
11630	2932.0868675618726
11640	2875.8883981693552
11650	2781.4254548828494
11660	2728.7707766891567
11670	2661.5360126203404
11680	2610.7935950588894
11690	2569.8248816700275
11700	2521.2572564503093
11710	2452.945142586207
11720	2415.6621119339134
11730	2404.099704676575
11740	2334.1563019338428
11750	2325.8149451084914
11760	2265.1502608481064
11770	2265.746725779977
11780	2237.86191358166
11790	2209.8007627121265
11800	2181.2728589040094
11810	2144.010253554495
11820	2107.9579735473394
11830	2070.2149146068764
11840	2061.023705323344
11850	2047.958482531821
11860	2043.0108345368392
11870	1999.4977675678297
11880	1999.7196828004953
11890	1972.5377667515427
11900	1955.8405294643364
11910	1933.5553682098252
11920	1934.0366002413532
11930	1907.7444943939256
11940	1882.5308351792535
11950	1855.70028305721
11960	1845.8321363246623
11970	1838.3419828676385
11980	1816.9200037738249
11990	1798.8762032710933
12000	1795.7945419608961
12010	1791.8721833078187
12020	1742.0356109003378
12030	1739.030704386656
12040	1717.927568235577
12050	1716.886278142148
12060	1694.1739009482658
12070	1684.077665570485
12080	1680.1554533476224
12090	1663.210544799479
12100	1641.0695176274503
12110	1644.0842279629323
12120	1627.3629108632306
12130	1602.2682320456404
12140	1615.8515466821812
12150	1603.273036616014
12160	1590.6176100998891
12170	1579.7609230827384
12180	1561.6906066663937
12190	1572.0613110381219
12200	1550.2393244896436
12210	1530.9939962368799
12220	1526.9452730604648
12230	1522.0486550113426
12240	1524.1535722391066
12250	1525.9925325025781
12260	1524.799932156972
12270	1491.6191651026581
12280	1478.8667077966122
12290	1477.41532642879
12300	1464.3215733771285
12310	1466.7735649999777
12320	1463.2687459416647
12330	1436.9614224687427
12340	1439.6934822025726
12350	1433.663702923564
12360	1424.0237770748365
12370	1420.1576493263287
12380	1420.7822791841606
12390	1415.1117495921178
12400	1416.3243622654404
12410	1413.9262639238132
12420	1406.569299515053
12430	1400.7414049493632
12440	1388.1731826324558
12450	1379.6016717879843
12460	1371.6884566870535
12470	1373.5180097261477
12480	1365.57937064968
12490	1363.566545025271
12500	1358.0361732788845
12510	1352.579116575903
12520	1343.9117892266627
12530	1346.016006371356
12540	1345.8481502624154
12550	1333.1150888162776
12560	1318.6620574144995
12570	1321.759350702033
12580	1316.8599220594942
12590	1316.9943407644423
12600	1312.3667324860246
12610	1308.8639084028384
12620	1315.5664811188296
12630	1312.9672266491903
12640	1312.5944918002867
12650	1308.924884328087
12660	1297.1528712475529
12670	1284.9035318810031
12680	1288.4090239960235
12690	1280.8457701462514
12700	1273.9208052647275
12710	1269.721223528842
12720	1262.2516871339956
12730	1266.2913435255832
12740	1258.7064250356286
12750	1259.5580482285727
12760	1252.347358627821
12770	1249.5316988686204
12780	1246.1571606390246
12790	1231.3750615053607
12800	1229.7405916630844
12810	1233.5225369420534
12820	1219.0040025945646
12830	1215.7453802606728
12840	1212.8725494584967
12850	1207.9615409184644
12860	1206.3331454273855
12870	1202.4832877684364
12880	1191.56655740293
12890	1192.289008375258
12900	1186.5694924490942
12910	1186.6195023831772
12920	1175.9470400485388
12930	1173.813914273991
12940	1175.7556746462687
12950	1160.5854243479546
12960	1163.3396061562512
12970	1160.754044058162
12980	1169.5409881898454
12990	1169.0404827742086
13000	1166.5638773682826
13010	1155.8799327694453
13020	1151.6821343791694
13030	1148.631350565462
13040	1137.5647160497217
13050	1136.439551727793
13060	1132.2816374987692
13070	1140.4504019812496
13080	1126.7513079988282
13090	1120.1085822352213
13100	1120.0361558000952
13110	1106.7705227134593
13120	1108.2571734737273
13130	1102.4799457123117
13140	1101.926412114792
13150	1096.6022315086157
13160	1096.4500738062839
13170	1093.1535180948993
13180	1100.1038447154297
13190	1111.6796107787584
13200	1096.7771362413073
13210	1086.159625509425
13220	1077.080021859
13230	1083.2285813055753
13240	1067.4730391774428
13250	1059.5930813781204
13260	1063.7642168318102
13270	1062.2610290000944
13280	1059.1416502879306
13290	1063.3180918146224
13300	1056.2993385170014
13310	1048.7015588297566
13320	1046.7105857811423
13330	1041.2417859361312
13340	1039.6142843157602
13350	1040.6253911164647
13360	1037.7485252475688
13370	1024.9164701901652
13380	1020.9593023656909
13390	1017.3645666487839
13400	1020.2610893302838
13410	1013.4139697130566
13420	1012.4651173125948
13430	1003.6172406090313
13440	999.8102759889845
13450	1008.3070528688995
13460	1003.5735546752518
13470	999.1704911953329
13480	997.6435363829838
13490	989.568626593598
13500	979.1357961167607
13510	983.5463640655612
13520	980.3998649220553
13530	987.539635853691
13540	986.3848761365995
13550	985.2877583809766
13560	977.1779817241414
13570	980.8725235641771
13580	970.9613317652938
13590	972.3525018499029
13600	979.6211357331352
13610	976.9053103254465
13620	973.9585655365817
13630	963.8431471977925
13640	963.9696983969556
13650	967.3158542229154
13660	958.1285728938869
13670	953.4762300157495
13680	958.1884981358572
13690	956.5493328529361
13700	945.3543408217852
13710	939.9087328405997
13720	938.3320041670671
13730	930.553238348822
13740	934.8069180715931
13750	934.728249497409
13760	924.8163544757889
13770	920.0667316829658
13780	926.1279242227073
13790	921.6382011754391
13800	917.4060906088796
13810	919.3493339496529
13820	917.4827843994198
13830	904.4629014290227
13840	897.1962034611765
13850	900.4319382094949
13860	898.574581960248
13870	899.0177713908378
13880	892.2047740753296
13890	887.423735482448
13900	885.649425161283
13910	886.8351557835241
13920	883.1919461806298
13930	878.4970298730722
13940	877.5049647265728
13950	884.3853381390553
13960	876.6491768760876
13970	872.3275969892389
13980	880.761012836614
13990	870.8695745844653
14000	871.6232623313457
14010	867.2363359473026
14020	862.1725990045774
14030	869.8291830893121
14040	863.8314951613647
14050	859.8641159883973
14060	857.8095833829611
14070	859.241654360717
14080	853.2136003427121
14090	857.7597573011343
14100	851.3638661229035
14110	856.9817989150432
14120	870.6888739295481
14130	861.4064325964629
14140	852.2116725567508
14150	848.8165086620029
14160	851.631830692158
14170	858.5837016032067
14180	855.218671633178
14190	857.8813340258579
14200	855.809215534313
14210	842.1522288421069
14220	832.705070720499
14230	828.2572774547384
14240	826.4833348557704
14250	829.9450374616603
14260	830.0481900907108
14270	830.0495888489263
14280	824.9480099594052
14290	820.6889225738462
14300	829.7829319890302
14310	825.6108162553193
14320	826.870795735953
14330	823.9198484685405
14340	817.4562319776697
14350	823.5754617855972
14360	815.1581714149253
14370	818.9719735349973
14380	816.0162988721005
14390	817.2230399783724
14400	821.3903798813566
14410	815.8558940447846
14420	810.146853552417
14430	805.2043274160658
14440	807.7124589232913
14450	801.6941549385168
14460	798.1118949565349
14470	799.8862794130708
14480	797.4154112996322
14490	794.1286416595041
14500	795.9887254324898
14510	795.5780366460613
14520	790.7742122809996
14530	787.6650177815158
14540	788.2805418288676
14550	791.0511003469035
14560	786.7508226592569
14570	788.3486240218897
14580	793.0966838030797
14590	788.3192935933326
14600	783.6819843173016
14610	779.3905717706424
14620	782.5253192161086
14630	780.6391608928114
14640	786.1844317334617
14650	781.9646928464871
14660	772.8198177568242
14670	772.7327049112874
14680	771.4242635277551
14690	766.8867271561991
14700	771.5846995096057
14710	772.1489927535447
14720	767.7101127173902
14730	767.630977595329
14740	762.628913275021
14750	763.3872014356311
14760	764.5416083409938
14770	759.1503341336493
14780	766.3756606506537
14790	759.6625575383991
14800	759.4649896334004
14810	753.0906983587563
14820	756.3957865215108
14830	751.6719751475414
14840	751.614254764981
14850	743.6210551154825
14860	745.1739176132625
14870	748.5157760078525
14880	744.6584732226978
14890	736.4826105278373
14900	731.8292876096367
14910	732.27017282913
14920	730.3187615092497
14930	735.1262447516425
14940	740.5365155545932
14950	735.958660292136
14960	732.2860582437719
14970	733.9959310928315
14980	737.9615545698414
14990	729.1248067997827
15000	729.6976711124697
15010	735.0173551821765
15020	725.4490152519745
15030	722.7993116076086
15040	723.0101438539538
15050	717.5219267425434
15060	717.1337258950342
15070	715.361814542464
15080	711.740932441973
15090	718.2618362583943
15100	711.6259463471365
15110	713.0614758279421
15120	713.7453540571057
15130	708.6514760707319
15140	701.0259124004415
15150	698.5887262588188
15160	700.1065217071872
15170	696.7677217818186
15180	690.0499780453268
15190	690.8319561875443
15200	686.6692084347231
15210	685.2857908194571
15220	684.9234238845949
15230	679.3133833974738
15240	673.7043102284899
15250	677.0504059977553
15260	673.7261558125878
15270	673.8420079749349
15280	669.8199226276743
15290	670.463298816415
15300	671.5845844838512
15310	668.3826910460838
15320	671.0180401467295
15330	663.4226420232686
15340	663.0793313461177
15350	658.3384491231832
15360	655.6613530042928
15370	657.6427518108821
15380	657.3637161488743
15390	663.4736397938286
15400	655.8110205543518
15410	660.8973562268275
15420	657.0570058708474
15430	657.1068266664043
15440	654.6704440277481
15450	653.498821560939
15460	655.9794654189702
15470	656.0478745698397
15480	659.3913212201684
15490	656.5227219186488
15500	652.991697126033
15510	653.3690757953292
15520	653.6306057694427
15530	648.6560351851945
15540	649.7646980266925
15550	652.1509652304911
15560	646.4688264834533
15570	643.8885233159378
15580	643.7709963043659
15590	649.0296320281595
15600	642.0344277877632
15610	642.6675861879537
15620	638.1682890251257
15630	637.8126998831385
15640	630.2716664310096
15650	630.2135524353513
15660	627.3323579622181
15670	624.9467061864478
15680	626.0515410613087
15690	626.2502866675685
15700	626.1870917499158
15710	625.2167958343572
15720	622.3153171835188
15730	618.038930891994
15740	616.7555316495263
15750	611.2504362597512
15760	607.8435015783317
15770	604.0552069260979
15780	602.4257462343851
15790	605.6363885140158
15800	603.1783966435546
15810	605.124765150161
15820	606.5495666792376
15830	602.1385748955079
15840	599.8187651595453
15850	602.1741415357911
15860	596.5393574016327
15870	596.8154102426769
15880	594.0923202318985
15890	590.3384252090301
15900	587.1385378106861
15910	590.1101216461392
15920	585.1809663810482
15930	582.012723703563
15940	580.5127734573634
15950	580.4088664324274
15960	580.8594405102016
15970	582.8854987498347
15980	580.0095571545127
15990	575.5138526352719
16000	572.4917896953644
16010	569.7860620148983
16020	568.549777302975
16030	569.4201755673852
16040	567.0279939772493
16050	562.9342359255495
16060	559.7152437834284
16070	561.5723456980379
16080	560.2459873821272
16090	562.2968318422206
16100	562.7764509868165
16110	562.6712970605228
16120	562.4005407570394
16130	562.0720409771136
16140	559.0009048615456
16150	557.4604671289111
16160	559.2787072241545
16170	561.1235870594635
16180	556.6957105460061
16190	559.0851357715071
16200	558.2418263990264
16210	557.1944764511414
16220	556.1479504172604
16230	550.5161958229038
16240	547.404045045777
16250	554.1745928913198
16260	553.3864182897167
16270	552.1263066694509
16280	551.7224038938173
16290	550.250214631484
16300	548.6090511079835
16310	543.5736956120065
16320	543.8131229196418
16330	540.7049519309942
16340	538.696124776782
16350	537.334614297715
16360	533.0487792268917
16370	530.3087167923002
16380	527.884435131217
16390	526.2206492247868
16400	524.1884763784504
16410	529.2932222628626
16420	524.8348986618338
16430	526.7664503633799
16440	526.5287798778534
16450	533.2923282788485
16460	531.889097914827
16470	532.3809938179694
16480	536.1392276392982
16490	532.6472464324644
16500	526.318274585548
16510	526.3103216799017
16520	521.7304367648642
16530	522.2095624412311
16540	520.7666950178725
16550	522.322544908841
16560	521.5533295969739
16570	518.7425219043014
16580	518.0695969755577
16590	515.9749983852043
16600	510.9467422802364
16610	508.601851325551
16620	509.4984394111054
16630	506.29793694028996
16640	507.90739827589425
16650	505.0492509882764
16660	501.0449068592222
16670	502.4679349464618
16680	501.7949999717412
16690	497.955471695571
16700	500.4110609491194
16710	497.3697631705682
16720	493.14772380251503
16730	493.0353443691634
16740	492.47613377759296
16750	492.2087754145914
16760	492.8514142240181
16770	492.08658488353404
16780	487.6210471104747
16790	488.44991711726357
16800	486.7429644214912
16810	487.7951754935936
16820	482.3679241244734
16830	486.5793723052282
16840	484.1082648719643
16850	483.37374279365724
16860	483.10019791826556
16870	477.5597281121158
16880	479.40020505209674
16890	474.0327921583264
16900	474.8026799290089
16910	474.5591105862229
16920	472.77336832285215
16930	471.8954285863179
16940	467.423901171384
16950	465.3743015723761
16960	465.45804993444256
16970	466.58269263312883
16980	458.3389952487592
16990	458.9593904208466
17000	456.94525636436794
17010	454.42430553692265
17020	454.4364734779574
17030	459.03437685817255
17040	454.91819845803286
17050	450.9720061693833
17060	450.66436873816446
17070	448.27805279033225
17080	446.7441255815919
17090	448.9278645065657
17100	447.9319616669361
17110	447.82943796497665
17120	445.45755258177115
17130	449.31431660328815
17140	448.847792849578
17150	447.90288412883456
17160	446.1196399217643
17170	447.74511762565896
17180	447.236071893189
17190	445.6154133679826
17200	447.66965149521263
17210	446.45703677669223
17220	445.7211325938586
17230	442.84407548381176
17240	440.94107231291866
17250	440.79205233391315
17260	439.1740215425527
17270	434.7864503564211
17280	434.57245412177707
17290	430.23183630846097
17300	432.62927840484497
17310	429.9271844680367
17320	426.83981213378854
17330	428.6233619175382
17340	426.0656324572276
17350	421.45930632262343
17360	421.0535187653923
17370	420.26545286256226
17380	419.61749383205114
17390	420.93432164429885
17400	421.9090656780981
17410	420.5542226033804
17420	418.79603974963817
17430	416.2403679980449
17440	416.44403648968864
17450	417.9967343340249
17460	414.8871625218182
17470	418.6057757873071
17480	418.90343181708903
17490	419.2782348078939
17500	416.24507413072797
17510	413.03312829455564
17520	412.0379531596099
17530	413.4016095832227
17540	411.89872021238097
17550	411.9243827013916
17560	412.35568213800366
17570	412.0702254737595
17580	407.62967536795225
17590	409.59824330232357
17600	407.0653572370029
17610	405.9916756019106
17620	406.3721712448541
17630	404.73354167193855
17640	406.5658385205802
17650	405.5424266172326
17660	405.55879015221285
17670	402.7640925770227
17680	405.35683160405426
17690	402.24009218666146
17700	402.21774960614715
17710	401.33462673029214
17720	402.89952780395214
17730	402.442038740442
17740	403.48936772967033
17750	402.1583420697556
17760	400.22560866436265
17770	400.7106708999661
17780	402.78703570145154
17790	395.30162105037164
17800	393.8250293767042
17810	396.5517033842053
17820	397.0179231366703
17830	395.26455749816495
17840	395.27211748225915
17850	400.88217893136203
17860	399.6660491136388
17870	395.92361932140557
17880	392.87288202642117
17890	390.62147339654103
17900	390.85780212819446
17910	391.6981527468802
17920	386.8806572237636
17930	389.71367207005994
17940	384.2678208219898
17950	385.66980164026853
17960	382.749498260813
17970	380.8640442067419
17980	377.5771329749884
17990	376.9021232030756
18000	379.3745383003523
18010	373.6640174786672
18020	375.939552287472
18030	373.6680965290493
18040	371.98618161001235
18050	373.6882120413357
18060	376.08980558354176
18070	372.20952280226214
18080	371.21011151437284
18090	369.73465683385575
18100	369.744183409104
18110	368.8128601734415
18120	368.4250493358619
18130	368.52476221595117
18140	363.8304641310196
18150	368.85510841134396
18160	367.274331029361
18170	363.58026706752855
18180	363.9073425543178
18190	361.90202517985296
18200	361.84721599170877
18210	361.16204422344947
18220	362.94413721179836
18230	361.77091712102333
18240	362.22133544791825
18250	362.0213032722689
18260	358.89300758920643
18270	359.2414303626409
18280	359.51155482858167
18290	355.75071084876913
18300	357.83623855312845
18310	356.89977991659777
18320	350.9145901754487
18330	350.53027782767
18340	349.58221159589397
18350	349.4061197411556
18360	349.9941734260192
18370	343.9952342095725
18380	342.3859258485376
18390	339.771299730177
18400	341.22904218040935
18410	341.9547721843029
18420	340.57745655871423
18430	338.6627975458114
18440	338.4155427967074
18450	335.82334611188594
18460	335.32662098426397
18470	336.49117543560936
18480	337.49989488661316
18490	334.63403621274205
18500	332.60103837102236
18510	329.79565349994044
18520	329.75804295811747
18530	330.94218600207864
18540	326.50215947252326
18550	327.8894283205588
18560	325.6032042699749
18570	325.53253325251626
18580	321.7178138011566
18590	322.8854484153834
18600	323.5336901076281
18610	323.82506617417425
18620	321.0265592196315
18630	325.677294692829
18640	318.96940769130083
18650	319.2686246520573
18660	319.75945860945086
18670	316.7907497747079
18680	319.62617303426373
18690	316.1276151910044
18700	314.79967695802907
18710	317.75350401141355
18720	313.3176461040117
18730	310.90405278451107
18740	309.0645231555186
18750	308.1638241810892
18760	308.99122259062506
18770	312.3410414022595
18780	311.0969081628828
18790	310.72481920495767
18800	307.5331693451779
18810	305.35925719764947
18820	303.4438189046685
18830	301.79184682935016
18840	301.0391265365814
18850	300.55647095102523
18860	300.69985082342777
18870	301.70705059306914
18880	302.1889908388988
18890	302.7663592494361
18900	302.06239700483644
18910	299.1942623061781
18920	298.01095086538965
18930	296.5629148991184
18940	294.83927897877135
18950	295.4972976146862
18960	293.90393761039223
18970	292.96618281111114
18980	292.1734636872889
18990	291.45824387099833
19000	292.19657442300047
19010	291.090923090846
19020	290.8040590159959
19030	289.95576287965883
19040	289.3444900590777
19050	289.48558829265505
19060	288.7040328836957
19070	285.78025335080133
19080	285.62442509829
19090	286.3306125631149
19100	283.33381531916433
19110	284.01467185279455
19120	283.14345573751393
19130	283.30032679469247
19140	283.86591178544194
19150	280.25627461395635
19160	280.2550428687039
19170	282.5928691084899
19180	280.3036856452757
19190	279.22145713276274
19200	280.1617031004774
19210	278.21816632369035
19220	275.19082521988213
19230	275.0131649610015
19240	273.6807607640566
19250	274.53725977959
19260	271.7826417787789
19270	270.5895153842024
19280	268.516315258469
19290	267.24242878940265
19300	266.6108373186002
19310	267.419170180702
19320	265.8820925461323
19330	263.8005155533582
19340	265.2162526998731
19350	266.0803711268128
19360	266.209631051143
19370	266.36474175638415
19380	264.26788689355004
19390	265.2381905700959
19400	264.5176432304621
19410	263.6955519524282
19420	265.7270244730536
19430	263.1687948627334
19440	265.3139045047228
19450	264.58615108136945
19460	263.4757513347895
19470	262.4811760144419
19480	259.4817362270065
19490	261.14113307707635
19500	259.9731873103524
19510	257.8625723911997
19520	257.96494938495
19530	256.97375355739655
19540	256.4901385097263
19550	258.4499565178144
19560	257.7108005805689
19570	256.4517258988557
19580	255.4562414171252
19590	253.5790400836842
19600	252.19342565062558
19610	255.58393688877626
19620	252.45562223966076
19630	252.4370972583202
19640	252.0208552502396
19650	248.96944657594258
19660	247.32568204468183
19670	248.51705752725107
19680	249.08946912960127
19690	249.23998177348466
19700	248.64404630862268
19710	244.6761552326189
19720	244.80472469210835
19730	244.15468234671306
19740	242.69022594447938
19750	239.7082380262891
19760	239.06773674703888
19770	238.50556234438605
19780	237.47820525251097
19790	236.66691963378662
19800	235.60155676764074
19810	234.03591043143885
19820	233.38926935161393
19830	232.5620103946326
19840	233.1556007009484
19850	234.50595070986557
19860	233.7922001096735
19870	233.66207993645463
19880	231.35612376048135
19890	231.8952949175789
19900	230.89821987126072
19910	229.11421283899026
19920	228.08022567039197
19930	227.79291050813958
19940	226.59421115116848
19950	227.36066867420945
19960	226.95851568348525
19970	226.10877274367752
19980	225.05216581398633
19990	225.16394699773116
20000	225.36110053949022
20010	226.11743074439948
20020	224.78075935587992
20030	225.02011380190635
20040	224.09375208473364
20050	223.61290757888023
20060	223.5886177943765
20070	221.8398339398522
20080	220.47133353135942
20090	220.28510254562264
20100	218.9105058731616
20110	218.47619782342687
20120	220.08572687165548
20130	218.9470154822906
20140	219.11522465427663
20150	217.06143771030892
20160	217.630208132239
20170	216.67161980955512
20180	219.17044575969805
20190	216.44067778383345
20200	215.0826818154206
20210	213.20561358826154
20220	210.62021384460317
20230	209.01867291053114
20240	207.03463603329052
20250	205.3501363610352
20260	206.23692326827762
20270	205.4106538394402
20280	205.60298893763104
20290	206.8376097025792
20300	204.996572848145
20310	204.14133196334404
20320	203.5407984997038
20330	203.97376962406753
20340	201.98770103067505
20350	200.6784524909474
20360	202.28241223361513
20370	201.58665379587154
20380	202.39839725880404
20390	202.40105012587446
20400	199.7698445757924
20410	198.41832176926465
20420	197.73954289216417
20430	197.87295798665843
20440	198.99512089302104
20450	198.82631361169732
20460	198.8415274746761
20470	197.90361561181606
20480	198.36471884596222
20490	198.8281794303391
20500	197.19577075790923
20510	196.41680990056997
20520	196.87727984312315
20530	195.1675095793709
20540	196.59592047247816
20550	195.56794699891665
20560	195.05805273832632
20570	194.19981138895406
20580	194.0163196694649
20590	194.22553834113785
20600	193.40922687486184
20610	194.13874289223247
20620	193.6489456854049
20630	192.532732955221
20640	191.29509200321985
20650	189.20437447768128
20660	189.27133363000098
20670	187.82601358602886
20680	187.76150608819285
20690	187.40558287064565
20700	186.70904788502185
20710	185.29453908857636
20720	185.56593981267207
20730	182.99585733772085
20740	182.85713386984713
20750	181.78856525590777
20760	181.15852042677952
20770	181.61992539899515
20780	179.70011239335574
20790	179.11593032125737
20800	179.35942776027716
20810	178.57081244871964
20820	179.16726001030744
20830	179.80970571720312
20840	178.8516975487469
20850	178.58791794613137
20860	179.6624964696847
20870	177.80973720141077
20880	178.30596652376897
20890	177.98862850657434
20900	177.5727933103577
20910	177.2503634154809
20920	176.48999222108804
20930	177.2830247376487
20940	173.7979364275119
20950	172.79530742813995
20960	172.80375787500256
20970	172.38951256695455
20980	171.6660438342599
20990	171.1117030131239
21000	172.5861949302636
21010	171.69603403197232
21020	170.8291362023667
21030	169.9894991214258
21040	170.75515718235695
21050	168.00593180674713
21060	167.58181121348704
21070	168.11410360439137
21080	167.72699990349236
21090	167.90366121663934
21100	165.042233772195
21110	164.5941178536308
21120	164.24032916842083
21130	162.58479815884616
21140	162.2075914670003
21150	162.2820525218478
21160	161.35673830368998
21170	161.63106290748487
21180	161.11390042320141
21190	161.0064084183955
21200	160.03124656196252
21210	158.6189396475016
21220	156.8494401466163
21230	156.02935347106407
21240	155.19614352695265
21250	155.5790861498064
21260	156.07509063475138
21270	154.81429671588327
21280	152.21736179203813
21290	151.57566684470203
21300	152.09059292984327
21310	152.23602015694817
21320	149.87843282266192
21330	148.57740472471144
21340	146.75159446530427
21350	145.7598527642207
21360	145.60934435189264
21370	144.7081077767937
21380	144.6431278154848
21390	146.904531200305
21400	145.04758484160874
21410	144.41876066932727
21420	144.31660898297952
21430	142.99141990246713
21440	142.8921303198529
21450	141.9248382678589
21460	140.67900942310092
21470	139.2184655097445
21480	139.34296560512468
21490	138.76654669987582
21500	137.85602190557273
21510	138.67905238670434
21520	137.77068633107123
21530	137.60539147435324
21540	136.95360252677634
21550	137.07009509035572
21560	137.48724028017142
21570	136.35324018637874
21580	136.74222183816795
21590	137.4766193541431
21600	136.08298442214894
21610	136.22207567988772
21620	136.223470724607
21630	134.69936247042241
21640	134.85646919751215
21650	133.40037371947852
21660	132.97158663415553
21670	132.3578618991546
21680	132.34048463866893
21690	131.66905202667778
21700	131.2716818904354
21710	132.42161884474874
21720	133.25284291511136
21730	131.35582475121075
21740	131.0334729355243
21750	129.41808268815473
21760	128.7449102259687
21770	128.50338820440575
21780	128.2286989377701
21790	127.63425232072382
21800	127.05052767254249
21810	127.26284105401596
21820	126.3635021227273
21830	126.60272649428383
21840	125.74859560748058
21850	124.81720748361793
21860	125.67784435572119
21870	125.10463632746661
21880	126.4436133629435
21890	126.14840693625436
21900	123.81159874812313
21910	124.18228015316186
21920	124.03797378926426
21930	123.10165937964653
21940	122.09564442105918
21950	122.37572551493616
21960	122.2525122171754
21970	121.76225497788681
21980	122.0985246112599
21990	120.91430997220404
22000	119.82257343767496
22010	120.12925664999672
22020	121.13072204878618
22030	120.89031859099434
22040	120.16884815409426
22050	119.6752345140521
22060	118.75572426455179
22070	118.36824961611747
22080	117.91952842083154
22090	117.44927524360001
22100	116.8132190848667
22110	117.10916621664308
22120	116.88877941476275
22130	115.33663826055124
22140	115.14960879977143
22150	115.0247586265893
22160	115.28423642349092
22170	114.71389220725179
22180	114.66373767661027
22190	114.8909409917565
22200	114.78700634055444
22210	114.46845948069488
22220	114.02498862917965
22230	113.95245793252943
22240	114.85807069542018
22250	114.2294451315502
22260	113.0180086390668
22270	110.86723668023242
22280	110.42513180100865
22290	111.00319040076576
22300	109.47359851117135
22310	109.31338368771898
22320	107.57380791007839
22330	107.67181280768109
22340	107.84186876173412
22350	108.34795510024084
22360	107.99098687570626
22370	107.95073172571736
22380	106.68207024642372
22390	106.51454600587675
22400	106.17086171690917
22410	106.00247961285883
22420	106.31054081343534
22430	105.09345125765589
22440	105.96566521885067
22450	105.99325682479704
22460	104.87202404063396
22470	104.5906376384671
22480	105.17157012301303
22490	103.95684516059669
22500	102.87786525307723
22510	102.74707360255873
22520	101.78834794560935
22530	100.78959066542402
22540	100.5708731670512
22550	100.71633347916713
22560	100.60524537921279
22570	100.2721854821369
22580	100.31626743600452
22590	101.15444977418511
22600	99.50730679787765
22610	98.62448835117847
22620	98.5142879778054
22630	98.29586298680289
22640	97.7121092794513
22650	97.1307742901842
22660	96.62385041429789
22670	96.13372671724629
22680	95.25696697052298
22690	95.2522837374765
22700	94.6872442501781
22710	95.00585438278942
22720	95.36532964770922
22730	94.44779795594357
22740	95.41545414763897
22750	94.11758868789681
22760	94.03262126856959
22770	93.56337361941904
22780	93.7402676509444
22790	92.89280706053017
22800	92.51943112999115
22810	92.45202320539275
22820	92.18926893435876
22830	91.24464522417533
22840	89.49229363590595
22850	89.42933511736601
22860	88.63174726487281
22870	89.12137678490242
22880	88.8049817033964
22890	88.86851511662248
22900	87.81631840261595
22910	87.87221473561384
22920	87.17024305814807
22930	86.88617187818357
22940	86.07087748933571
22950	86.30314419344273
22960	86.00899467065408
22970	85.93232131528953
22980	85.80199198976023
22990	85.7578983661061
23000	85.58859532232053
23010	84.83278570006854
23020	85.56446531932802
23030	84.88137648415106
23040	84.4265284322105
23050	83.37678939630412
23060	83.5131662794956
23070	83.33304371834483
23080	82.91789093399099
23090	82.70564574661238
23100	82.56487379390077
23110	81.93660970666849
23120	81.7451981126706
23130	81.41795419617358
23140	80.79023068199767
23150	80.87624592680437
23160	80.94408958220471
23170	80.68553169447033
23180	81.08273748964902
23190	81.17773742778404
23200	81.12446010563868
23210	80.94207126292049
23220	80.2824352732517
23230	80.48781280482766
23240	80.40544328962673
23250	79.95668269671103
23260	79.64382620815697
23270	79.44406883175216
23280	79.29262640171154
23290	78.97536769608732
23300	78.6836997350766
23310	78.15868751365078
23320	77.37753833577453
23330	77.07471238662558
23340	76.5099689069507
23350	76.47868681120077
23360	76.6005877423656
23370	75.97713812941419
23380	75.64503884164145
23390	75.26129522841217
23400	75.19977072653566
23410	74.85754970192248
23420	74.95217255503309
23430	74.11720430629802
23440	73.981857359501
23450	74.08426327326272
23460	74.09691526271884
23470	74.46427630984982
23480	74.24982301141107
23490	73.36777875755637
23500	73.26771058245215
23510	73.15569421065061
23520	72.72800548745393
23530	72.15523210066696
23540	71.988712749793
23550	71.25236109761636
23560	70.9653617734689
23570	69.83262012408265
23580	70.01975739411941
23590	69.52768298111836
23600	69.30564534373674
23610	68.56274747903473
23620	68.52616884124585
23630	68.58200480095141
23640	67.46553094056333
23650	67.98277427945303
23660	67.85939425202916
23670	67.2991893732877
23680	67.39431454292234
23690	67.03110439669115
23700	67.10007850406382
23710	66.99570419409754
23720	66.61787016547454
23730	65.82341879454027
23740	65.9451230044476
23750	64.94221957788328
23760	64.18255979401223
23770	63.78235795365557
23780	63.821509800747606
23790	63.77307902229159
23800	63.90554196985118
23810	63.29783350503568
23820	63.40430080192333
23830	63.0685598701788
23840	62.23818899093664
23850	61.88693330212861
23860	61.91467502359224
23870	61.668481560434046
23880	61.25289228209312
23890	61.292626304049435
23900	61.181410509360504
23910	61.260739903784604
23920	61.60408740297082
23930	61.62332295411131
23940	61.151750657636
23950	61.09991940660975
23960	61.01744110113655
23970	60.81343433311801
23980	60.741966125459314
23990	60.82687165376718
24000	59.79458108767345
24010	59.94386676929683
24020	59.514186221096075
24030	59.76521363653899
24040	59.12422477992741
24050	58.5499631177558
24060	58.025462190257926
24070	58.23545227132009
24080	58.2072279683837
24090	58.02594534595928
24100	57.80419960114457
24110	57.51262849303136
24120	57.52587111425647
24130	57.64007908391377
24140	57.130190720735584
24150	56.91189364022294
24160	56.535193758854604
24170	56.3797637495547
24180	57.01399894371006
24190	56.4529495053203
24200	56.097844887455885
24210	56.04470481601148
24220	55.122940374515785
24230	54.51960581247768
24240	54.63015053371938
24250	54.42172875578803
24260	54.145594174422115
24270	54.008221752152494
24280	53.74888971724542
24290	53.673096834573315
24300	53.42895131327767
24310	53.58342451771584
24320	52.65994263054481
24330	52.3629809025505
24340	52.210507242814316
24350	52.22216686854219
24360	51.72595100890774
24370	51.8134927760284
24380	51.76639745512513
24390	51.01769017454152
24400	50.550728961430806
24410	50.55017034668461
24420	50.48581314076632
24430	50.16437162796944
24440	50.222401851744294
24450	50.450648245676206
24460	50.446744850082865
24470	50.40803064795661
24480	50.29923718581786
24490	50.26943830450729
24500	49.89584978202834
24510	49.18750593227249
24520	49.22800896083078
24530	48.83197884876885
24540	48.993677115707484
24550	49.12001128505064
24560	48.71240480342583
24570	48.59737799329017
24580	48.803286321808265
24590	48.4978807094423
24600	48.08812162143493
24610	47.85242737775332
24620	47.15113483885244
24630	46.82281590880565
24640	46.90622805765692
24650	46.75369568039244
24660	46.10718583060214
24670	45.757829369718245
24680	45.86262728591913
24690	45.78420435043091
24700	45.77183328259158
24710	44.878712838506424
24720	44.32237991140494
24730	44.2520790534437
24740	44.2063561712023
24750	44.01170298987216
24760	44.245801147052426
24770	44.389835502358096
24780	43.93025481050476
24790	43.80686763079515
24800	43.18940318713918
24810	43.13521672861247
24820	42.772067596314955
24830	43.28925851510766
24840	43.006882547767134
24850	42.79471436548437
24860	42.686868188934575
24870	42.87256440240811
24880	42.33818145958736
24890	42.23509960300442
24900	42.348081099161504
24910	42.13447678200594
24920	42.16565872707846
24930	41.89462416831471
24940	41.89772633450104
24950	41.512518884180494
24960	41.51604921944919
24970	41.289513143883426
24980	40.730796922464535
24990	40.434362571014596
25000	40.53706633197201
25010	40.366762090614024
25020	40.46365044633121
25030	39.71670619743356
25040	39.58816411287488
25050	39.66346201493475
25060	39.88642366985575
25070	39.819005498290785
25080	39.50275742184455
25090	39.41667813414715
25100	39.38059205486864
25110	39.379892354762745
25120	39.176860271553636
25130	38.96971389826685
25140	38.93938246591523
25150	38.606531532464295
25160	38.86509432115689
25170	38.76263355457986
25180	38.86094526134373
25190	38.298891474560534
25200	38.20980783360069
25210	38.75488548242453
25220	38.25895470005967
25230	38.07617549005312
25240	38.40881093140938
25250	37.960628894181326
25260	37.826632227553326
25270	37.07901603687164
25280	36.82078538395409
25290	36.63902080672609
25300	36.662475176319944
25310	37.1464394162944
25320	36.75051354402272
25330	36.5999420439622
25340	36.86123481985573
25350	36.935969778562956
25360	36.677479534823156
25370	36.33630165761277
25380	35.89521290882752
25390	36.00476500616716
25400	36.0990957802824
25410	35.77128626576203
25420	35.542555294068144
25430	35.58728274526011
25440	35.333066132339354
25450	34.90446805569502
25460	34.4964303383018
25470	34.31484121884759
25480	34.107508625245316
25490	33.95400175492833
25500	34.115482807952205
25510	34.15759332699046
25520	34.06201667758269
25530	33.858515016603086
25540	33.72090660659462
25550	33.58988158434327
25560	33.32496822543251
25570	33.218992470317794
25580	33.29532056525256
25590	33.33726683355367
25600	33.200396925724895
25610	33.178540185007684
25620	33.20123270077264
25630	33.40201462526731
25640	33.200408327410074
25650	33.14584935613715
25660	33.17451030527887
25670	33.01181041451789
25680	32.748623420555525
25690	32.45499042725326
25700	32.313493197628894
25710	32.30641870246045
25720	32.15814821617798
25730	32.09149491909018
25740	32.03168365797884
25750	32.02321022209987
25760	31.985181895148422
25770	31.99054091202843
25780	31.471497426633896
25790	31.3307258883023
25800	31.49297025019847
25810	31.62532268664544
25820	31.608651432070697
25830	31.452477784477026
25840	31.115202447874893
25850	30.592057548840977
25860	30.802667037194066
25870	30.59198651903299
25880	30.96832414161828
25890	30.592663098165325
25900	30.53708304372934
25910	30.299316073707683
25920	30.311938260274907
25930	30.146583898047094
25940	30.0297928479836
25950	30.27596269199817
25960	30.085743154955487
25970	29.83793495407297
25980	29.617811392464976
25990	29.489093434976244
26000	29.35933252613322
26010	29.408248639435367
26020	29.09561496648871
26030	29.280616254043014
26040	28.82158570028258
26050	29.081976045587776
26060	28.875748887512383
26070	28.968752326419786
26080	28.51259590875607
26090	28.190083445525424
26100	27.921407463513926
26110	27.576312966389686
26120	27.526864701012865
26130	27.697706530031997
26140	27.492415174811878
26150	27.53518149974413
26160	27.218633720021586
26170	27.394087993096363
26180	27.173329999397467
26190	26.918743599993082
26200	26.73201286450494
26210	26.547928097866965
26220	26.400804826464118
26230	26.198839544384505
26240	26.073038382540396
26250	25.767158022830575
26260	25.632549836256334
26270	25.377577776108858
26280	25.176227186368056
26290	25.208894145913927
26300	25.20094423349065
26310	24.66080679283851
26320	24.92975164102462
26330	24.402021223229656
26340	24.494115423856744
26350	24.443659121096992
26360	24.27371283910579
26370	24.403374108454866
26380	24.181468046171812
26390	23.941896221425292
26400	23.983704118731062
26410	23.970359658032024
26420	23.775158177537488
26430	23.569903568255548
26440	23.309935150753475
26450	23.330001050442256
26460	23.1205522355975
26470	23.107501390593537
26480	23.21837010178621
26490	23.10791707181445
26500	23.03852784705141
26510	22.982332114219748
26520	22.963827993015464
26530	22.880886786613132
26540	22.58489156882194
26550	22.403223971002628
26560	22.278537003447806
26570	22.35874405717972
26580	21.96237541370645
26590	21.77120871519528
26600	21.676944553012873
26610	21.660922954952188
26620	21.47058697392773
26630	21.31446711570116
26640	21.14149299432248
26650	21.159512386228222
26660	21.376228614096185
26670	21.16145478895124
26680	20.81155330171932
26690	20.623151277174603
26700	20.56444906399237
26710	20.86543151796615
26720	21.019209350190412
26730	20.85878219787808
26740	20.748571489679623
26750	20.63489215205427
26760	20.451896763852574
26770	20.386804721219832
26780	20.280706392147927
26790	20.275314971810474
26800	20.229093345117008
26810	20.30552820280396
26820	20.356440747583147
26830	20.029418054074338
26840	20.130902285042612
26850	19.93052930499315
26860	19.756288902018028
26870	19.826331742673396
26880	19.860519333820488
26890	19.85621297108734
26900	19.721900991981887
26910	19.41401503288482
26920	19.46141455667119
26930	19.411687002539292
26940	19.42930536281597
26950	19.225548756154367
26960	19.07934586683599
26970	18.951836131417817
26980	18.792284522081957
26990	18.716381473376597
27000	18.69073538492413
27010	18.404520717991495
27020	18.396977276660653
27030	18.30693726585241
27040	18.326501971104754
27050	18.37651959047078
27060	18.271429424911567
27070	18.24176921435462
27080	18.263142827337358
27090	18.078625149451625
27100	17.922169196094625
27110	17.67964426634109
27120	17.692674382309377
27130	17.69711449366834
27140	17.921220067218396
27150	17.854989409211452
27160	17.65706208087008
27170	17.532531031919763
27180	17.538070321078827
27190	17.34816193735902
27200	17.192899516205234
27210	17.119985306311566
27220	16.993133286539013
27230	17.02164954055091
27240	16.952977577116208
27250	16.907212912620494
27260	16.934024581889368
27270	16.870008505986814
27280	16.699124235044703
27290	16.620774525073546
27300	16.79634887743326
27310	16.599128343305143
27320	16.408441867522374
27330	16.194738419989182
27340	16.179039672248045
27350	16.089772587802685
27360	15.933832042126644
27370	15.860284737048616
27380	15.8704746042983
27390	15.845914973764263
27400	15.758715620056863
27410	15.63109478811218
27420	15.608656294571626
27430	15.480864269986567
27440	15.567905882236687
27450	15.451585500894579
27460	15.195565822068028
27470	15.176200631780633
27480	14.995959879084118
27490	14.902077845217294
27500	14.986008756972769
27510	14.892398699971977
27520	14.811968121347844
27530	14.647952807709563
27540	14.4626182075158
27550	14.279139680087695
27560	14.173585774149464
27570	13.99874188984697
27580	13.957752784262388
27590	13.901622767615562
27600	13.819885240342703
27610	13.755386449453278
27620	13.673622185718159
27630	13.633727271414442
27640	13.553862173389195
27650	13.481406633679756
27660	13.535447600653113
27670	13.503521814351684
27680	13.455879023541932
27690	13.332902301604195
27700	13.164259089569407
27710	13.022038918549757
27720	13.01602441409744
27730	13.11537150528472
27740	13.063324521065852
27750	13.136354279784273
27760	12.988080014439848
27770	12.947747080582369
27780	12.907520673038153
27790	12.943992855610334
27800	12.853453984555165
27810	12.952033327693469
27820	12.82815074003454
27830	12.747360183620875
27840	12.665191511214935
27850	12.39350955139798
27860	12.285208071760206
27870	12.289022411061922
27880	12.392649140421078
27890	12.211846203989356
27900	12.060057358875332
27910	11.97307241709991
27920	12.073094002732685
27930	12.010213217910398
27940	11.869899848900602
27950	11.802923959994907
27960	11.801559101708254
27970	11.719357983370605
27980	11.657689276335395
27990	11.550567010794536
28000	11.49972915946744
28010	11.383225789821394
28020	11.436434782339784
28030	11.402099011115466
28040	11.230719104585795
28050	11.214772569880635
28060	11.17817343028909
28070	11.257010855981381
28080	11.288760398540255
28090	11.195138090599778
28100	11.222033510121634
28110	11.060780912460096
28120	10.981398255019831
28130	10.887562995198385
28140	10.69010520364215
28150	10.685867153912113
28160	10.66739453887283
28170	10.576813274771034
28180	10.725523639726402
28190	10.522044840649283
28200	10.464763527107435
28210	10.451990559112732
28220	10.526847327458137
28230	10.457965721896459
28240	10.473557056824724
28250	10.275745919485784
28260	10.18814995134605
28270	10.2832081708137
28280	10.250850953822766
28290	10.114425190956663
28300	10.165148062104528
28310	9.974075508820823
28320	10.004634309469207
28330	9.979351262434973
28340	9.977999015727496
28350	9.82941714895709
28360	9.795242472159352
28370	9.628389271534196
28380	9.615794504305068
28390	9.575539011628264
28400	9.709987983581934
28410	9.703219429578867
28420	9.69729570746561
28430	9.58313911973461
28440	9.440171095673945
28450	9.399319861772556
28460	9.359925992394151
28470	9.277268568172847
28480	9.24919409343224
28490	9.24603839786842
28500	9.20178738824314
28510	9.101067465554694
28520	8.990365419494792
28530	8.89554863385761
28540	8.869987320953804
28550	8.899687556226182
28560	8.800227089815284
28570	8.868752188325256
28580	8.813727498545184
28590	8.74548805645604
28600	8.839259958783197
28610	8.77864724274746
28620	8.675605407671704
28630	8.567025824276426
28640	8.649900737780957
28650	8.46016203051058
28660	8.403491843450393
28670	8.370978709550595
28680	8.429281996606552
28690	8.332090572808804
28700	8.349476160465475
28710	8.300399288062968
28720	8.2406113797642
28730	8.269131666049493
28740	8.270581529153757
28750	8.276646615422294
28760	8.146685729733951
28770	8.184196703082101
28780	8.095425519182033
28790	8.026450775778772
28800	8.085057168668964
28810	8.097611783121344
28820	7.984931765135917
28830	7.938965194259065
28840	7.872373381043227
28850	7.842265195271323
28860	7.911682745245014
28870	7.938837764055935
28880	7.777554844925067
28890	7.8187894413268495
28900	7.8973121349114646
28910	7.968272398026901
28920	7.841660541745873
28930	7.731313596778689
28940	7.7102338841239435
28950	7.622339711523256
28960	7.654123133903304
28970	7.626297623123425
28980	7.669260120338654
28990	7.6112234684074425
29000	7.54783149112864
29010	7.529972256641443
29020	7.494035894039553
29030	7.4369568724861965
29040	7.506080240881155
29050	7.465177316857831
29060	7.467810942463165
29070	7.519441756170479
29080	7.528759253278871
29090	7.571874596779163
29100	7.17373573371939
29110	7.17192984235462
29120	7.126782896902409
29130	7.139010011238763
29140	7.091270856251911
29150	7.000834527582204
29160	6.953708916685044
29170	6.920546836314576
29180	6.804330235702801
29190	6.832485953902907
29200	6.804144672170954
29210	6.677314275818596
29220	6.604297791329059
29230	6.596452603294872
29240	6.525583114966915
29250	6.460976388586122
29260	6.444472538946443
29270	6.400506477194689
29280	6.347933475869091
29290	6.354017825776745
29300	6.425261134339124
29310	6.374803059292193
29320	6.364281706079063
29330	6.332092384798574
29340	6.340926977802153
29350	6.24575525701886
29360	6.214123210993949
29370	6.220633573853531
29380	6.224850208645513
29390	6.238222566539653
29400	6.176296302281745
29410	6.2057591344426255
29420	6.270929904978939
29430	6.1329233989784475
29440	6.0370083548743905
29450	6.068400928339418
29460	6.004184296361328
29470	6.007615961597082
29480	6.022830426613864
29490	5.964634182871427
29500	6.044117997557059
29510	6.056513988694725
29520	5.8715781316423445
29530	5.839699160069783
29540	5.82191934803029
29550	5.824167349147616
29560	5.810213334731861
29570	5.846101103685238
29580	5.759402059900867
29590	5.772594885131145
29600	5.732999151181513
29610	5.696031726034576
29620	5.645906524557397
29630	5.564621728995415
29640	5.558467442605306
29650	5.576609312534044
29660	5.611865220105579
29670	5.573408579642493
29680	5.522788185734256
29690	5.489107486785606
29700	5.504276561846163
29710	5.421511921890554
29720	5.426758901791419
29730	5.432319747681532
29740	5.5178152352433
29750	5.604661594890561
29760	5.49662311305307
29770	5.4263342005090065
29780	5.382317850358556
29790	5.349364649304726
29800	5.322076053835636
29810	5.2331516923310915
29820	5.292176969139398
29830	5.178155128021888
29840	5.196015370694372
29850	5.115336068636141
29860	5.1246329968414575
29870	5.111039690389482
29880	5.042524360000963
29890	5.106961450837844
29900	5.0446339539123874
29910	5.030896276930185
29920	4.953959809589328
29930	4.89275941982953
29940	5.04642450140389
29950	4.890670647004591
29960	4.823429762746243
29970	4.820392949188896
29980	4.852775983547619
29990	4.828483342377857
30000	4.7187638309312305
30010	4.6649734446436
30020	4.626523048914532
30030	4.66519182532322
30040	4.596420736250846
30050	4.5731361911599
30060	4.643343899727202
30070	4.700339473989453
30080	4.701482465197404
30090	4.673102971205072
30100	4.609897308499903
30110	4.573625692769086
30120	4.546819795113447
30130	4.560713214432445
30140	4.538220362250823
30150	4.497382949604639
30160	4.49575537172517
30170	4.41367157743775
30180	4.330159302186465
30190	4.303962582764636
30200	4.2426963501255255
30210	4.259118836544731
30220	4.244522481630437
30230	4.162253914889871
30240	4.165937830826766
30250	4.148644096501066
30260	4.1281341215737815
30270	4.042842386633627
30280	4.0293935942972645
30290	4.028407735249025
30300	4.0700375271586875
30310	4.0233950725912155
30320	3.9586659867440144
30330	3.933291492349845
30340	3.8880477762169297
30350	3.9203539022493863
30360	3.8487414549140513
30370	3.7865947159468574
30380	3.821431373551263
30390	3.736810261325904
30400	3.7699560166321766
30410	3.7073341503291277
30420	3.6918631135120017
30430	3.6968228367399782
30440	3.6310828603657046
30450	3.5698861174462504
30460	3.564195208850423
30470	3.5277945434750784
30480	3.530054232960532
30490	3.5070026332624638
30500	3.5524583006263457
30510	3.487965552058014
30520	3.4956255456043586
30530	3.4989908491507435
30540	3.4781943387022602
30550	3.420029699104271
30560	3.467091416815419
30570	3.404714942428308
30580	3.478943104721948
30590	3.372737967555226
30600	3.339319309131708
30610	3.3709617833886214
30620	3.371793802060265
30630	3.323400180738039
30640	3.3268945314572425
30650	3.301062505892346
30660	3.294013246630242
30670	3.28007812605807
30680	3.25964187169361
30690	3.2090103573473763
30700	3.1613864027299026
30710	3.1759821623366924
30720	3.1515080200173173
30730	3.1006134728396426
30740	3.1187740828032053
30750	3.102145609471851
30760	3.0991271632598285
30770	3.0426486301520854
30780	3.0100087774095243
30790	3.049119747024057
30800	3.0837885482727563
30810	2.9828543561456335
30820	2.983626092366294
30830	2.924441784806474
30840	3.0123572967383585
30850	2.8766471750137494
30860	2.836342972311515
30870	2.8531550403535
30880	2.847402229923694
30890	2.8423627683223747
30900	2.812169687130515
30910	2.8310571123565205
30920	2.785926067063588
30930	2.7697745147657
30940	2.7259525507536977
30950	2.7486681475130306
30960	2.7020930417197877
30970	2.769147803891254
30980	2.7089777719114325
30990	2.671640573015592
31000	2.6733027523621637
31010	2.6785416229311356
31020	2.6868874916905825
31030	2.683779015603781
31040	2.687947568737754
31050	2.6400463978854325
31060	2.67217465524989
31070	2.6362418593590564
31080	2.5731999991584575
31090	2.5940281696607466
31100	2.5439258947066654
31110	2.5690438873997943
31120	2.560409005424546
31130	2.570552360292226
31140	2.5727876709888116
31150	2.622139239523396
31160	2.5180171063902033
31170	2.5044328835035814
31180	2.5873331584447437
31190	2.5404859538679694
31200	2.512857420669975
31210	2.4617051997468287
31220	2.4603266491723144
31230	2.5220928177631032
31240	2.4580096778968246
31250	2.461651945517202
31260	2.4358450327927588
31270	2.536250656359637
31280	2.3659539502895197
31290	2.3791300492181233
31300	2.433891023223148
31310	2.4767246590494243
31320	2.318322098660982
31330	2.3286205814683223
31340	2.3111808454089053
31350	2.3458082696412355
31360	2.3306539378429307
31370	2.3372020753841487
31380	2.2533815044003123
31390	2.2166843440520765
31400	2.1881841006629643
31410	2.190711433219945
31420	2.2126914568843548
31430	2.1713734057122203
31440	2.146624295856214
31450	2.1893820263785573
31460	2.1497377828763966
31470	2.1694725604427436
31480	2.1368467922047767
31490	2.153933316266912
31500	2.153743318419594
31510	2.1155750221082625
31520	2.1321544999258837
31530	2.1797011557233095
31540	2.153577169883913
31550	2.125119770813859
31560	2.1137004313205745
31570	2.1595039787697754
31580	2.151737477356886
31590	2.111558607915533
31600	2.038434407142396
31610	2.0700713528837165
31620	2.1239459482312286
31630	2.101675767960431
31640	2.0333203609545465
31650	2.0280928635833453
31660	2.0141752115451528
31670	2.001650607392069
31680	1.9866236118508753
31690	1.9681670485615703
31700	1.9733848031705215
31710	1.9375162428313046
31720	2.003698448424618
31730	2.008732457967579
31740	1.9844207988918046
31750	1.947271494014053
31760	1.926586094611656
31770	1.9261613346592061
31780	1.883816392152064
31790	1.9187290992501567
31800	1.9033548976382193
31810	1.9090679027073558
31820	1.9178478626015163
31830	1.9469139535712308
31840	1.927123563661989
31850	1.8396589414798012
31860	1.7998995144989625
31870	1.7971967115562661
31880	1.8497615050658316
31890	1.7787550417183724
31900	1.7581546952044613
31910	1.7999455065928058
31920	1.8157059384158547
31930	1.7578680615609839
31940	1.8467937810461674
31950	1.7917291811079394
31960	1.716032842751892
31970	1.6826397756093312
31980	1.6774395448842767
31990	1.67448885210254
32000	1.672300043920708
32010	1.6848882690082552
32020	1.6523221505143662
32030	1.6872003577056383
32040	1.6544320715751002
32050	1.6561034249448618
32060	1.63145844328579
32070	1.6747523520750642
32080	1.6626904979433288
32090	1.647337871535648
32100	1.6091647747252031
32110	1.646067704443652
32120	1.6268490680492067
32130	1.6617691052291412
32140	1.6694948786133972
32150	1.605394908364598
32160	1.61705215429423
32170	1.646121858886411
32180	1.6212942278376543
32190	1.6163454859277795
32200	1.6512033128729104
32210	1.6996040332866567
32220	1.7228235097427826
32230	1.5890645504642558
32240	1.5824364007586493
32250	1.6253477773395841
32260	1.624123005746999
32270	1.5685356097576293
32280	1.5582784136336167
32290	1.5577375938194833
32300	1.5543072607922455
32310	1.5448078840620352
32320	1.528876507245477
32330	1.4700146830018384
32340	1.4266875068962461
32350	1.4661651218186045
32360	1.4534063198469487
32370	1.433012251850939
32380	1.399386782553947
32390	1.4212718911211704
32400	1.4250540678649253
32410	1.414072970901527
32420	1.4475642737008694
32430	1.40003475151116
32440	1.3803731834652753
32450	1.4517279314670324
32460	1.4304523940673044
32470	1.3691185070822718
32480	1.4054497186458275
32490	1.3991003896066292
32500	1.3874847349206145
32510	1.36155097586122
32520	1.3475206955127152
32530	1.3708849310418891
32540	1.3557986256032892
32550	1.3470663349047587
32560	1.3498658244665525
32570	1.3894388558334938
32580	1.3885737023502631
32590	1.319571582182324
32600	1.329213715537672
32610	1.3468246873281289
32620	1.3456782371574112
32630	1.2803870735976406
32640	1.2790175864785804
32650	1.2897189012700294
32660	1.3004180156866278
32670	1.2631049920517412
32680	1.2736407974070405
32690	1.2775324886831803
32700	1.2724081949247246
32710	1.2859751391305716
32720	1.2261337342276994
32730	1.2007062571395561
32740	1.201748820648129
32750	1.251197811316796
32760	1.218104083936568
32770	1.2034688868515167
32780	1.2168521517987418
32790	1.19083290163598
32800	1.1812913695762133
32810	1.1930621885171668
32820	1.1916518129436215
32830	1.1945106510352534
32840	1.161970319511136
32850	1.1574155865320321
32860	1.1640831969568246
32870	1.1225027694062584
32880	1.2974802328147221
32890	1.1836811974343453
32900	1.1590186945839693
32910	1.1548312236275546
32920	1.1296054397768416
32930	1.1401731816292222
32940	1.0935387715694551
32950	1.1019628144362232
32960	1.11956121100006
32970	1.0947980562898565
32980	1.0799424773436836
32990	1.0909439621393087
33000	1.0534203417555024
33010	1.0713595274794603
33020	1.076435623651456
33030	1.042259679606366
33040	1.095814210027675
33050	1.0445367615157648
33060	1.0788146301400525
33070	1.0592422884823847
33080	1.0658927990991904
33090	1.0674854097329256
33100	1.082729414146782
33110	1.1020703273463994
33120	1.1729551369590547
33130	1.1140312963710461
33140	1.052909265206759
33150	1.0231828287148477
33160	0.9973570663980563
33170	1.061590618533855
33180	1.0171068289639789
33190	1.0188626001699796
33200	1.0114999925231134
33210	0.981951693375979
33220	0.9930367328793941
33230	0.963555367113389
33240	0.9911864286150671
33250	0.9719153871856459
33260	0.9594890788171422
33270	0.9770424810783342
33280	1.008973051983384
33290	0.9356913953287852
33300	0.939953749463017
33310	0.9313755113282446
33320	0.9415011604210685
33330	0.9568707310888498
33340	0.9166504347828851
33350	0.8838771901774373
33360	0.865573382976364
33370	0.9099075462103221
33380	1.0274077727617268
33390	0.9448315627484536
33400	0.9015280102552811
33410	0.9555789388108676
33420	0.8595830888513081
33430	0.851425527738023
33440	0.8393961415798393
33450	0.8348252473269568
33460	0.8314724068459456
33470	0.922314881244984
33480	1.0070175108860557
33490	0.8395721898272679
33500	0.8315653941409716
33510	0.8461907790313856
33520	0.8628864271957235
33530	0.8253300728274714
33540	0.8147579836192683
33550	0.8223701803648515
33560	0.8411636864511858
33570	0.7742477132106531
33580	0.8064411991982448
33590	0.8120224650139384
33600	0.8217417328152995
33610	0.7651379902697325
33620	0.7482622232195107
33630	0.7505375477935595
33640	0.7345712660989775
33650	0.7609815315290392
33660	0.7889446631475154
33670	0.7272530789044077
33680	0.7412154597480389
33690	0.7621451552361616
33700	0.8216986838152839
33710	0.7326503427371557
33720	0.7250074990765536
33730	0.71468054180327
33740	0.6887027913075096
33750	0.7095211082551502
33760	0.6990360433734761
33770	0.7447256309504164
33780	0.7110423921788411
33790	0.7157107523248456
33800	0.7108700821953757
33810	0.7191620520560074
33820	0.6784885017002477
33830	0.6954776334299159
33840	0.6682832102177331
33850	0.690597320319453
33860	0.6780361570556842
33870	0.7177587279736385
33880	0.6904462254360513
33890	0.6894359369160846
33900	0.6375708989129852
33910	0.6292606347138475
33920	0.6281804428786661
33930	0.6504934818533338
33940	0.6993269295738471
33950	0.6676231644681968
33960	0.6529024000543034
33970	0.6559330667409283
33980	0.595668935194575
33990	0.6465302704376455
34000	0.8097260306498479
34010	0.7155072789763279
34020	0.6655109681394452
34030	0.6598474794054849
34040	0.6011253653524699
34050	0.6116298022834779
34060	0.6339773058052853
34070	0.6163776145364382
34080	0.6438577598817212
34090	0.6100185437249958
34100	0.6463125316334879
34110	0.6568762477475887
34120	0.6853057597050244
34130	0.6068050995738108
34140	0.5988628177656354
34150	0.641037039012135
34160	0.6152506103502816
34170	0.604464045410308
34180	0.6238146883600135
34190	0.5687249216448521
34200	0.5847237276726585
34210	0.594124357346931
34220	0.5839347057887005
34230	0.5960858671676904
34240	0.5543739745123011
34250	0.5752363022282677
34260	0.5657581973940172
34270	0.5982510632883653
34280	0.632727461985706
34290	0.6204610033147804
34300	0.5579342193238994
34310	0.5593749503486816
34320	0.5937494478153292
34330	0.578325436088384
34340	0.5708582601577322
34350	0.4926036610958622
34360	0.5205266882436254
34370	0.5364668564830333
34380	0.5450251427741429
34390	0.5584306102292349
34400	0.6238728510507758
34410	0.5574528963945257
34420	0.5469043551570598
34430	0.5272265624527913
34440	0.6209231638474193
34450	0.6352682158714098
34460	0.5065829921609103
34470	0.519741394711464
34480	0.5379141298140979
34490	0.5559529072546605
34500	0.501753048387233
34510	0.5145405008890963
34520	0.5249692587993224
34530	0.5289463299906749
34540	0.574068696143929
34550	0.5208330951325265
34560	0.5069030386095162
34570	0.5123888339120537
34580	0.5135000876934072
34590	0.5143568972772513
34600	0.5002393397193574
34610	0.5098954917226297
34620	0.5749891330140874
34630	0.5006739559301953
34640	0.5119041308804259
34650	0.49981775526515987
34660	0.5095393474178406
34670	0.47236905023170495
34680	0.4678882173885932
34690	0.45332121279812543
34700	0.47735516435132797
34710	0.4832611173668161
34720	0.5391235007123875
34730	0.4631884712457207
34740	0.4399889555263256
34750	0.4514982443557035
34760	0.5039639340290051
34770	0.4544994920146708
34780	0.4481758237740151
34790	0.48626807045284876
34800	0.4623534641251459
34810	0.46092617866441643
34820	0.4391998001125389
34830	0.43514980328959446
34840	0.4436609172776593
34850	0.4645931045216177
34860	0.44837376341042706
34870	0.44963022288462673
34880	0.46363350449351265
34890	0.5303286316411989
34900	0.48170331567488667
34910	0.4586803344329502
34920	0.4656451871805329
34930	0.4223205688728186
34940	0.4215114038769098
34950	0.43049342792101075
34960	0.42480131317305564
34970	0.47652572234472
34980	0.46596364316832223
34990	0.4330568591158686
35000	0.4609091930919182
35010	0.445324076034684
35020	0.42992494030921685
35030	0.46093526781282224
35040	0.43523164157472294
35050	0.47382327155633697
35060	0.44733414666158844
35070	0.4385539173853938
35080	0.4820736787568787
35090	0.409469247365366
35100	0.4024741691791195
35110	0.404200054655054
35120	0.4215146150413262
35130	0.40866718806711416
35140	0.3950978640804578
35150	0.41581669665380305
35160	0.4225011212708075
35170	0.4293875866366757
35180	0.42346418001441893
35190	0.40669507655908166
35200	0.3801556434223843
35210	0.4027504704557612
35220	0.3773631046681245
35230	0.4200635450657955
35240	0.38781900729271424
35250	0.372754633414744
35260	0.3571310305827581
35270	0.36328245673094917
35280	0.36232388132826915
35290	0.3717301198938562
35300	0.4344243651644552
35310	0.4817087856643939
35320	0.4276716480192229
35330	0.377732173015732
35340	0.37732731733984637
35350	0.3656815732395152
35360	0.3632066644678102
35370	0.3947276426507183
35380	0.41136787366995564
35390	0.4315064372940561
35400	0.37723537985761035
35410	0.3792161957929418
35420	0.37849453083012335
35430	0.347525568182666
35440	0.33597891519948986
35450	0.3394783921814067
35460	0.33419123327839656
35470	0.34937719210813356
35480	0.3451266790563205
35490	0.3343888657752599
35500	0.3335177493345762
35510	0.33016369804431367
35520	0.36007933284715166
35530	0.3408511949673983
35540	0.3634269924634663
35550	0.367562515542543
35560	0.3675751587826376
35570	0.40727083892493915
35580	0.3625075114958689
35590	0.35430977052928425
35600	0.34258284424411883
35610	0.41578499803307145
35620	0.31723231965994747
35630	0.326513623958526
35640	0.3419307205604487
35650	0.349157600157855
35660	0.3903949120093809
35670	0.4190591150122349
35680	0.31573956476318504
35690	0.3218850687709329
35700	0.35401197982659666
35710	0.3409140419296448
35720	0.3873052397302438
35730	0.3868208633922325
35740	0.3037428377325955
35750	0.33102212209112414
35760	0.3395367858422785
35770	0.35325946089377136
35780	0.3835368250591005
35790	0.3224465347455723
35800	0.33824428548398894
35810	0.341684467555324
35820	0.31845629376610607
35830	0.34099357557419724
35840	0.3038108797885736
35850	0.3235495235131304
35860	0.28660858572923753
35870	0.3861901227340194
35880	0.31863997381591025
35890	0.29263844166084846
35900	0.30301852892572356
35910	0.371106522040291
35920	0.303834924139253
35930	0.30278031965651686
35940	0.33789519419566993
35950	0.37791472121869163
35960	0.4376337625782217
35970	0.3875797032836397
35980	0.35788980701721806
35990	0.29900991504376123
36000	0.3096647051170165
36010	0.27181858498153305
36020	0.31241848279616113
36030	0.29334106781665525
36040	0.25833877865937915
36050	0.25626916880332556
36060	0.2540465544160677
36070	0.2504108673989779
36080	0.3316124673853056
36090	0.29402978299744176
36100	0.26542716264089106
36110	0.27682148230098674
36120	0.2868855048916888
36130	0.27353980411543966
36140	0.2892592294969409
36150	0.29144514622797163
36160	0.2697318985850071
36170	0.2686375569090516
36180	0.29525111450287483
36190	0.25914283325654364
36200	0.28482163990481635
36210	0.3324438500019878
36220	0.3152123835407039
36230	0.31998619200076434
36240	0.2896622814258757
36250	0.26596513274593175
36260	0.27908203457720315
36270	0.2618075393254886
36280	0.2511756244731901
36290	0.25406968487135473
36300	0.2445004892704589
36310	0.2553344667877303
36320	0.2707573415633783
36330	0.25604851669670037
36340	0.2449256534031954
36350	0.25484786092278383
36360	0.25227808021138737
36370	0.2509622745865997
36380	0.26326161921454916
36390	0.26742744499946736
36400	0.2828050306840713
36410	0.27988140654942145
36420	0.3667897957600942
36430	0.27582823491154873
36440	0.23071972056779444
36450	0.2388145238178678
36460	0.2872997427572885
36470	0.2687799192109858
36480	0.2547147384242512
36490	0.3210067519532782
36500	0.28306281282111145
36510	0.2942898695895937
36520	0.28299126631220284
36530	0.3023123915362202
36540	0.2573771964545973
36550	0.27292875426667335
36560	0.24446837414380113
36570	0.2215178811406835
36580	0.2392359681896122
36590	0.22338972748764865
36600	0.22559672370449854
36610	0.22504620848083476
36620	0.22227324541725252
36630	0.23379740738836882
36640	0.25599570990825893
36650	0.27064996449315615
36660	0.24213897566441714
36670	0.24936489720563856
36680	0.2407950601801633
36690	0.23838483527140159
36700	0.2208793256770365
36710	0.31474732726413157
36720	0.2493775655324952
36730	0.2578410780934215
36740	0.2570186340911594
36750	0.24667332556505858
36760	0.21357736550883877
36770	0.22142514227724763
36780	0.24196780436613033
36790	0.2285517804458375
36800	0.21352986357181516
36810	0.2222816326173846
36820	0.2675257386345346
36830	0.2610989045314079
36840	0.2761460696786936
36850	0.2395050963597707
36860	0.27579753452073813
36870	0.3106806377833529
36880	0.24452011088453235
36890	0.234056963876219
36900	0.23503471965043407
36910	0.23944905061550675
36920	0.19304924615640354
36930	0.18116744752064987
36940	0.2201630801267347
36950	0.23630929625891514
36960	0.2141164753936305
36970	0.20770567735183168
36980	0.19670671183150457
36990	0.20018462825673786
37000	0.21074161182108767
37010	0.2500776798235753
37020	0.26206829834187734
37030	0.22434184526862846
37040	0.22629640006048207
37050	0.1914994327148552
37060	0.19975837397041007
37070	0.21110317066994502
37080	0.22044467001958526
37090	0.2205028168613346
37100	0.17708215834131108
37110	0.25882926792934174
37120	0.2073736082178282
37130	0.21104195305688395
37140	0.1963934746035724
37150	0.21569681475578817
37160	0.2690715405882471
37170	0.23924853654230588
37180	0.24812445714920814
37190	0.24976803314673732
37200	0.20057930983615854
37210	0.27979755280211316
37220	0.2065992053873054
37230	0.20221038083409007
37240	0.2037996685843298
37250	0.26625783456506896
37260	0.22875595854183417
37270	0.22209217674809423
37280	0.1880129626926935
37290	0.2498137518321881
37300	0.1949699398904963
37310	0.17883000374641575
37320	0.1890310306369698
37330	0.14792615870944456
37340	0.17096821926891784
37350	0.2530864564985697
37360	0.22346049575085347
37370	0.2210753244203873
37380	0.17816480711304908
37390	0.18608551999223966
37400	0.19500327449139215
37410	0.1598402173231002
37420	0.15998512220835587
37430	0.197774164531222
37440	0.2223927929447419
37450	0.22599385145527773
37460	0.2564794053843298
37470	0.2061624817509206
37480	0.18265148506104936
37490	0.2426213816315776
37500	0.18675156770271603
37510	0.16462675092353976
37520	0.1891439536055971
37530	0.19839595329291676
37540	0.22183369226045688
37550	0.2062722972941727
37560	0.20683645920661703
37570	0.1496914362772643
37580	0.21045780607139666
37590	0.2065100805341967
37600	0.15545771435082473
37610	0.17844503959632177
37620	0.18285045785922355
37630	0.18733539011877645
37640	0.17409646288257935
37650	0.16308740482380624
37660	0.1987689266320797
37670	0.26329225525824684
37680	0.2151426662873699
37690	0.1721822194452894
37700	0.17658312873897763
37710	0.1837926112890088
37720	0.28587097680240503
37730	0.16116454260583357
37740	0.2192051114003843
37750	0.2145869149194773
37760	0.20300073510082553
37770	0.15802921598825215
37780	0.18394495633789243
37790	0.2738619313743744
37800	0.21817623728308208
37810	0.17707969679898963
37820	0.17409305165948027
37830	0.17828696019822118
37840	0.17119982900039785
37850	0.18331786796283578
37860	0.14812499966885062
37870	0.13696840735516141
37880	0.14259648290568014
37890	0.13902198658448603
37900	0.19313102881676908
37910	0.16183364852838303
37920	0.15787920528503027
37930	0.1462550728610362
37940	0.14522535051573002
37950	0.14468599407433158
37960	0.1537331756414654
37970	0.1302632182187787
37980	0.14687691525849406
37990	0.19999741840984056
38000	0.1267900646723494
38010	0.238382182484136
38020	0.20629934956383517
38030	0.137673781040271
38040	0.15231043800650323
38050	0.19419647175717214
38060	0.13109997964715295
38070	0.13600204370048682
38080	0.14196166703096288
38090	0.15070946274836527
38100	0.15254822495209083
38110	0.15773399897368962
38120	0.16620599204779296
38130	0.17194339232242015
38140	0.19503104934154647
38150	0.16592693988590684
38160	0.1361231130041968
38170	0.15216049330561238
38180	0.14664015631123464
38190	0.12835439833646897
38200	0.16660106556020995
38210	0.19270263907970864
38220	0.21623989645990355
38230	0.1912438086369417
38240	0.14577775001998078
38250	0.17353680985689748
38260	0.18743032167107015
38270	0.14908494039128725
38280	0.12501013999024316
38290	0.19428126482607255
38300	0.14719659079456807
38310	0.18268572319694376
38320	0.14449493893279905
38330	0.1227884222281608
38340	0.13255915486159198
38350	0.1413306778279864
38360	0.1514756283016202
38370	0.13558277799933283
38380	0.16565859498067434
38390	0.16178396868098313
38400	0.13314974853358708
38410	0.12708729155388582
38420	0.14789000393859766
38430	0.17114084626226558
38440	0.15229277842054062
38450	0.12109329547204148
38460	0.14186450206885187
38470	0.13479581372341376
38480	0.13291972772185118
38490	0.1056275062142562
38500	0.10713563544581549
38510	0.11670877741615432
38520	0.16040279088766582
38530	0.14590023642328745
38540	0.12900349242643663
38550	0.1351206333398849
38560	0.11450092441801202
38570	0.13718482227837392
38580	0.18706475822687066
38590	0.18973919689163185
38600	0.10723396628563577
38610	0.13368133374417596
38620	0.10574319843869233
38630	0.10690717912751983
38640	0.08835566775282946
38650	0.1234942740183897
38660	0.11327511313533774
38670	0.17427332236682486
38680	0.12409106663631994
38690	0.12248438026207845
38700	0.17032376377613057
38710	0.12383894779655583
38720	0.1447086835332354
38730	0.09468899492520065
38740	0.13741498595376622
38750	0.12883900639234905
38760	0.167938112634996
38770	0.14991033351462554
38780	0.13153165962386507
38790	0.1513758241909921
38800	0.17059181338897875
38810	0.13579677854122776
38820	0.14651800504529613
38830	0.13091707681185932
38840	0.14173283508875092
38850	0.1427301293490007
38860	0.1634516149699758
38870	0.17732419361946702
38880	0.12922124930671766
38890	0.1321136200389174
38900	0.14444516734815294
38910	0.13119750044629647
38920	0.1437433339630405
38930	0.14983332833019444
38940	0.09570484080199723
38950	0.13469416407887239
38960	0.09680663122554774
38970	0.1251107063839559
38980	0.13712208283080396
38990	0.15477005094627633
39000	0.13436538720148372
39010	0.16704260168195992
39020	0.2195855873172867
39030	0.16708481651872578
39040	0.1963680106954019
39050	0.12742171121789733
39060	0.13324951959720222
39070	0.12620647713729152
39080	0.15131932154719416
39090	0.1366027772099418
39100	0.11230216545788066
39110	0.12119843471520171
39120	0.11145929542180807
39130	0.10498940733976317
39140	0.1259033317344484
39150	0.12223433327703002
39160	0.14357545299779292
39170	0.13549559244189407
39180	0.1800730211790288
39190	0.14647265510643678
39200	0.1206340652599017
39210	0.1681898743966574
39220	0.22327627553834448
39230	0.2170722360955678
39240	0.27290013341694797
39250	0.17669169489890285
39260	0.16491369317920668
39270	0.18332287635697528
39280	0.13152141554028207
39290	0.11845568216190702
39300	0.10643138324731549
39310	0.1507213863430704
39320	0.12418523649931994
39330	0.12443777183645965
39340	0.11204134377658546
39350	0.132232166848706
39360	0.10447848999764983
39370	0.12749846334524279
39380	0.12066637904508977
39390	0.1763515705144134
39400	0.18127487299570869
39410	0.16853694389723117
39420	0.1456662194998759
39430	0.12427430986715518
39440	0.08666555288769592
39450	0.10058490823170736
39460	0.12872796181096496
39470	0.16923297784971902
39480	0.11130256498539609
39490	0.12450668055180839
39500	0.14054751178397085
39510	0.16433776716051957
39520	0.11701311193318241
39530	0.10551049770053703
39540	0.11973608051573294
39550	0.138213608184362
39560	0.202624874680521
39570	0.13202586085928902
39580	0.10788246539614237
39590	0.1314067254494689
39600	0.20610609004170818
39610	0.1144565575172707
39620	0.16797707609746443
39630	0.12001336272771738
39640	0.11371700769192482
39650	0.18007446375301367
39660	0.1365002167716168
39670	0.1675983989780254
39680	0.1686935488960631
39690	0.1369907246092788
39700	0.15891697006361566
39710	0.17706551056472516
39720	0.1748121292476172
39730	0.09339657762282923
39740	0.11109186427094683
39750	0.09375606266401601
39760	0.15457331656569007
39770	0.07981072316993429
39780	0.10978809648325671
39790	0.08089321130013023
39800	0.10832121024264206
39810	0.08879993329437656
39820	0.08977891004607606
39830	0.10015387064865774
39840	0.11643590894609629
39850	0.08468539787953559
39860	0.12378964312541262
39870	0.10751094727099719
39880	0.09656923828996081
39890	0.1605740143523809
39900	0.1301218337379877
39910	0.14195468162109337
39920	0.14731825728914386
39930	0.1773148729189352
39940	0.13711151095594662
39950	0.11350649073111199
39960	0.09364713272900203
39970	0.12813031092517688
39980	0.0933026563414628
39990	0.12132971193058274
40000	0.10717146627372068
40010	0.10547180501428777
40020	0.11719224448648673
40030	0.18415830025435165
40040	0.11984866382344891
40050	0.14457963314306443
40060	0.1629035689205767
40070	0.17725217898960716
40080	0.1566819320825253
40090	0.11399817325074348
40100	0.0893838448100164
40110	0.0958317453222178
40120	0.09501742203300169
40130	0.09363593526506438
40140	0.11112517053622058
40150	0.11993802664521737
40160	0.09622716763546015
40170	0.18318882929263258
40180	0.16678126521065342
40190	0.10149835185761313
40200	0.17339739005438387
40210	0.16227389978860512
40220	0.12888931415543695
40230	0.10657967321308572
40240	0.12996102291310996
40250	0.09180903660232473
40260	0.1283248592368861
40270	0.11986797005135953
40280	0.13833813700065628
40290	0.12678396489406846
40300	0.1027851267530267
40310	0.1297911064359909
40320	0.16407182389321126
40330	0.17742436424404306
40340	0.14403087026203243
40350	0.15120693665061427
40360	0.18128513351985698
40370	0.11856868462824516
40380	0.18943969327652813
40390	0.10917191215104652
40400	0.09887871201148343
40410	0.1206257583455913
40420	0.13963414334982352
40430	0.12691535871611678
40440	0.16287944342615057
40450	0.1818418619178476
40460	0.14731824711787775
40470	0.14708489058719043
40480	0.17703460460988465
40490	0.1728738449117281
40500	0.16199403212044694
40510	0.17617755173778343
40520	0.15008816009436696
40530	0.2004370519206447
40540	0.18348333853782772
40550	0.23019714121896195
40560	0.15117123444096492
40570	0.22397350226663118
40580	0.1397958056295411
40590	0.11741593739850219
40600	0.10939253556777244
40610	0.12475902273562157
40620	0.10116746262166851
40630	0.1133311276599693
40640	0.16188812911288766
40650	0.21227819497142256
40660	0.15300432596931068
40670	0.1629411777788501
40680	0.13630316636678616
40690	0.12437865605715058
40700	0.2012720840402064
40710	0.15518304711760178
40720	0.18664044138956173
40730	0.24608788959177896
40740	0.3781391782870851
40750	0.2836937212218201
40760	0.18140737411533991
40770	0.3381108196413118
40780	0.23575439227528883
40790	0.1506621153539902
40800	0.14246080455654817
40810	0.1463078560662951
40820	0.09363558859479572
40830	0.14700066201747464
40840	0.14854926164615445
40850	0.12574458821521442
40860	0.11143185087275127
40870	0.12193812814103054
40880	0.09091127393642873
40890	0.11006151608314622
40900	0.21918930541170675
40910	0.10419456858780542
40920	0.10138009997413538
40930	0.09789939403147316
40940	0.11845621964912025
40950	0.10782497572878198
40960	0.10948329353410552
40970	0.15451394499951338
40980	0.20838180213791171
40990	0.11963176564084103
41000	0.12748509573028516
41010	0.24484395862374253
41020	0.15383234126773254
41030	0.1827527976135084
41040	0.12956143808956322
41050	0.14779669227811332
41060	0.20517075839421733
41070	0.1531400142760441
41080	0.11530499290312592
41090	0.13791722371250625
41100	0.165490045048333
41110	0.14639819819354008
41120	0.09374283663811883
41130	0.0961324463194542
41140	0.09327051369140786
41150	0.10679475223324965
41160	0.11884607118186608
41170	0.1309110859766282
41180	0.10656891808788999
41190	0.13380179363092376
41200	0.14351750460688417
41210	0.1632415408601059
41220	0.15137641502485663
41230	0.16746444973214078
41240	0.185696798674618
41250	0.09901039412425724
41260	0.09326521509247501
41270	0.09649981742045187
41280	0.10418688189974594
41290	0.12935873437648746
41300	0.1497621942415631
41310	0.1349463129376759
41320	0.12463853413086122
41330	0.12063677968364057
41340	0.17540441583196167
41350	0.1035744818613049
41360	0.1540999240445969
41370	0.12712846927058957
41380	0.13274078482121887
41390	0.09832596460939175
41400	0.07781709438874734
41410	0.09557488271916836
41420	0.13622429969489214
41430	0.13047372907850815
41440	0.09958683532578161
41450	0.12272038185020163
41460	0.19327152312966847
41470	0.17695435288231026
41480	0.15727829886423958
41490	0.12588636304504702
41500	0.1038263983907773
41510	0.11031891267716613
41520	0.13676521888690021
41530	0.15396436752991796
41540	0.15181795048671995
41550	0.12167067501067322
41560	0.10406936575185395
41570	0.16343257970668168
41580	0.14225506010515676
41590	0.12667599276136912
41600	0.1433589377296311
41610	0.11990249502075097
41620	0.1337226952221288
41630	0.10099823971207134
41640	0.1437122536461003
41650	0.13884107751901728
41660	0.1334743777812935
41670	0.10357044911071152
41680	0.10093552281876257
41690	0.13485382092306333
41700	0.11107308620703409
41710	0.13683452166500362
41720	0.09291047179247336
41730	0.11055295409526324
41740	0.12365117169810477
41750	0.1097488797611551
41760	0.09970586065341767
41770	0.08244502456363337
41780	0.08640589892368021
41790	0.15691426762520533
41800	0.10766287984231984
41810	0.10873092940111782
41820	0.12076132677574443
41830	0.12482461699082077
41840	0.11157630153469876
41850	0.09247088107733688
41860	0.11337185556153476
41870	0.09259830528698149
41880	0.12478087806485016
41890	0.11548901925674218
41900	0.0726288990849891
41910	0.07794995919442745
41920	0.08244393366714058
41930	0.10054804117708349
41940	0.09678790716747844
41950	0.121798956493062
41960	0.10730390393865727
41970	0.12451138753344798
41980	0.10520752337531013
41990	0.141263974783794
42000	0.10426963179898253
42010	0.1113974523287472
42020	0.09980911664376549
42030	0.11467977776709602
42040	0.11263286285720443
42050	0.16761527494692596
42060	0.16614330205659986
42070	0.09603425303096617
42080	0.11252756373116707
42090	0.10344174401636752
42100	0.12886502144144513
42110	0.12644026803575506
42120	0.1096748724251092
42130	0.09400903980088654
42140	0.10921359572522846
42150	0.14372679263316512
42160	0.08561145717757143
42170	0.10661277492249524
42180	0.1008632118742076
42190	0.09747029692922161
42200	0.08243955580144856
42210	0.13224843030132538
42220	0.08983880001174792
42230	0.11930532148005256
42240	0.1157136052778279
42250	0.15396347588916
42260	0.14724934514452837
42270	0.12811505863159117
42280	0.11104136981561816
42290	0.11358997556538396
42300	0.11307436009023182
42310	0.12742774571345472
42320	0.10217830683963616
42330	0.10399607879636596
42340	0.1151340608452541
42350	0.1290585728394444
42360	0.1567847300270442
42370	0.12631611247455216
42380	0.10855187642268847
42390	0.1393582354943466
42400	0.16962880459725402
42410	0.10998447021906825
42420	0.1460326734467789
42430	0.1344054934097942
42440	0.1646897029898357
42450	0.11268317733861834
42460	0.10726005018524858
42470	0.1263083161963763
42480	0.11531340875439453
42490	0.13824200817001325
42500	0.1518674772379337
42510	0.10859762262828558
42520	0.1494770541956059
42530	0.102623152353269
42540	0.11203067323489635
42550	0.0838743775122931
42560	0.1001787430211929
42570	0.1092433243353537
42580	0.13849962355055198
42590	0.11066454630261573
42600	0.13706102482719604
42610	0.09925295616758492
42620	0.09381841074146628
42630	0.09190201652533998
42640	0.09893533031760543
42650	0.0987082368574574
42660	0.1460780805160283
42670	0.23196534396452304
42680	0.13234004840296917
42690	0.09383988644556944
42700	0.14154270228822693
42710	0.13152894941438237
42720	0.13460471306285254
42730	0.10801829038872034
42740	0.126129988203861
42750	0.21625962245754377
42760	0.14674722077585534
42770	0.1450494715438968
42780	0.10993538706275352
42790	0.10199900033087128
42800	0.0976395402671593
42810	0.10310388194827322
42820	0.11718068816756462
42830	0.1928583707000225
42840	0.18054205198311182
42850	0.10908498568305434
42860	0.11014737607459776
42870	0.11824045740940028
42880	0.14415847048662053
42890	0.1363424094433969
42900	0.12024346768035268
42910	0.11150311140279863
42920	0.1205618500832236
42930	0.13694683126278323
42940	0.1674563326994154
42950	0.28904165537034676
42960	0.1597111373168232
42970	0.22492702374491688
42980	0.13859463836345245
42990	0.08880355104141363
43000	0.1129386158747863
43010	0.12141649183247118
43020	0.11239996227286768
43030	0.09706018225335235
43040	0.0881115374451942
43050	0.1129192574848489
43060	0.10553543063578766
43070	0.14284605766021935
43080	0.25257158740258906
43090	0.1417229199718179
43100	0.1168136343450694
43110	0.12304647643120292
43120	0.13985525489124875
43130	0.0969804477879747
43140	0.15434410148736646
43150	0.11348133992866061
43160	0.14199971972964714
43170	0.18351073215452252
43180	0.1547683677060262
43190	0.13107376330906878
43200	0.16996051065132384
43210	0.16754567661143796
43220	0.17086966897461178
43230	0.13613718949971487
43240	0.1364228227113769
43250	0.11245079316280618
43260	0.08881964215322243
43270	0.09386482590502869
43280	0.09002901542256901
43290	0.09398453186145728
43300	0.09584064135707339
43310	0.10850913361429945
43320	0.14024833571082518
43330	0.12279535228950908
43340	0.13973928786655546
43350	0.15282907429854453
43360	0.1202072445946827
43370	0.09820013989969657
43380	0.17081079187087414
43390	0.1480907546815637
43400	0.08429317506135346
43410	0.09276226041334408
43420	0.06294014670733518
43430	0.07871263835212611
43440	0.08143803485600158
43450	0.11411243432038767
43460	0.09355345527273823
43470	0.11013843872142562
43480	0.16905209008260427
43490	0.13251676816763935
43500	0.1527865578490441
43510	0.23507903547721423
43520	0.1246839964995746
43530	0.09148114264577485
43540	0.135832250166068
43550	0.16158496581979678
43560	0.10117588979029186
43570	0.0735794771370414
43580	0.08467058818611449
43590	0.10364838523981541
43600	0.12060874729966718
43610	0.09707991018956405
43620	0.09633659118322349
43630	0.11526511689202018
43640	0.11610670245258291
43650	0.1412689061752319
43660	0.20190031266193528
43670	0.15032397240685888
43680	0.16233326389641176
43690	0.29033028360555396
43700	0.1850202727930371
43710	0.11237388495547497
43720	0.11007487258331584
43730	0.0856672153309548
43740	0.10115654709715845
43750	0.09283139868744952
43760	0.07309217210987969
43770	0.09676820617685161
43780	0.07578486117843422
43790	0.08687611920576775
43800	0.12539053778168655
43810	0.11684537028763413
43820	0.11730961944557362
43830	0.13709129439055615
43840	0.18082095531839884
43850	0.11460699837435982
43860	0.13964099446636086
43870	0.13849728793606042
43880	0.1337281148969215
43890	0.12076540172257262
43900	0.11493726844609832
43910	0.1381954471026786
43920	0.08957227029040103
43930	0.11562197488091808
43940	0.1530625431735736
43950	0.18445709928618265
43960	0.147655945648863
43970	0.13141010124196612
43980	0.09022343874446932
43990	0.09425860011837568
44000	0.10082414741812547
44010	0.10266667690269482
44020	0.11672854995501226
44030	0.13869493230322574
44040	0.1103972609270449
44050	0.09528841248723072
44060	0.1009628626940273
44070	0.14533108328300004
44080	0.11749509538690155
44090	0.16086422496497002
44100	0.13799059303384428
44110	0.21319432141629582
44120	0.15052866170165405
44130	0.10605666036163156
44140	0.09978805208210562
44150	0.07240096774073972
44160	0.08691933143202545
44170	0.10229714828839849
44180	0.08740263671127388
44190	0.08811058073236747
44200	0.08001373382041355
44210	0.11772059214976262
44220	0.1065775747393591
44230	0.22214738975198597
44240	0.10944531711626657
44250	0.08955407212246316
44260	0.08800199475309876
44270	0.09180093063301079
44280	0.10728448651854286
44290	0.08555215080998221
44300	0.12930837649674523
44310	0.10214220776928763
44320	0.10659696788154846
44330	0.09982903666095157
44340	0.10734506781491455
44350	0.08121965117699309
44360	0.09562178356188304
44370	0.15231143647298576
44380	0.17693305852264768
44390	0.15622054591203907
44400	0.11976870701532617
44410	0.10939455227500242
44420	0.09831274808490115
44430	0.11290403844082113
44440	0.1532090901858385
44450	0.1263690233480049
44460	0.12332341465975936
44470	0.08845894533313149
44480	0.10956612957684952
44490	0.15308982256867001
44500	0.11863014561243204
44510	0.1053892261232607
44520	0.1166842969185412
44530	0.23096311602330413
44540	0.20805559673187313
44550	0.12872203845065572
44560	0.11413135238296467
44570	0.08721248195051161
44580	0.1278625020028836
44590	0.25959304775685943
44600	0.2514920023581495
44610	0.15141049140476637
44620	0.1404318389085947
44630	0.12419110569240481
44640	0.09426674166021612
44650	0.07578865953190006
44660	0.09840699666890405
44670	0.11449027987534778
44680	0.14216494816765
44690	0.34754478940983907
44700	0.16410929558472376
44710	0.15136089947458037
44720	0.09660140241171483
44730	0.10654569105022925
44740	0.11456785210923826
44750	0.14139633808835486
44760	0.11991946070194265
44770	0.12775980653258803
44780	0.10672853269525356
44790	0.11901518739446644
44800	0.09406118345433614
44810	0.1497855357241523
44820	0.0982131328794319
44830	0.14613045225672786
44840	0.13847268574820737
44850	0.1469400454971528
44860	0.22723709690081867
44870	0.14644883965898664
44880	0.20453316653182246
44890	0.28944725458702825
44900	0.2012911162863238
44910	0.11265464162219468
44920	0.12621317202390867
44930	0.15658107451528253
44940	0.09668973952498873
44950	0.12827464061480948
44960	0.17565556496441725
44970	0.10150224966516948
44980	0.11344453458150308
44990	0.17083951955560767
45000	0.15273636790538567